[
  {
    "id": 0,
    "img_name": "frame0000",
    "width": 4946,
    "height": 3286,
    "position": [
      -3.0026817933840073,
      1.4007726437615275,
      -2.2284005560263305
    ],
    "rotation": [
      [
        0.6356840663395592,
        -0.038044220663192914,
        0.7710112872559866
      ],
      [
        0.15893528273200794,
        0.9838365806164538,
        -0.08249338484885185
      ],
      [
        -0.7554107119341767,
        0.1749806272564319,
        0.6314558071472983
      ]
    ],
    "fx": 4649.505977743847,
    "fy": 4627.300372546341
  },
  {
    "id": 1,
    "img_name": "frame0001",
    "width": 4946,
    "height": 3286,
    "position": [
      -3.0015214508509507,
      1.3971307186749355,
      -2.211946936201734
    ],
    "rotation": [
      [
        0.6324741711265096,
        -0.03800754135816317,
        0.7736484018323454
      ],
      [
        0.15943432375086808,
        0.9837963003945622,
        -0.08200936373412283
      ],
      [
        -0.7579954612449457,
        0.17521491411943163,
        0.6282854563032493
      ]
    ],
    "fx": 4649.505977743847,
    "fy": 4627.300372546341
  },
  {
    "id": 2,
    "img_name": "frame0002",
    "width": 4946,
    "height": 3286,
    "position": [
      -3.0003611083178936,
      1.3934887935883433,
      -2.1954933163771377
    ],
    "rotation": [
      [
        0.6292533702236217,
        -0.037969874771473504,
        0.7762721717748566
      ],
      [
        0.15993134618153765,
        0.9837560271966654,
        -0.08152326945599703
      ],
      [
        -0.7605669993963551,
        0.1754490454920532,
        0.6251043687778486
      ]
    ],
    "fx": 4649.505977743847,
    "fy": 4627.300372546341
  },
  {
    "id": 3,
    "img_name": "frame0003",
    "width": 4946,
    "height": 3286,
    "position": [
      -2.9992007657848365,
      1.3898468685017513,
      -2.1790396965525414
    ],
    "rotation": [
      [
        0.6260217192396826,
        -0.03793122155345697,
        0.7788825517827798
      ],
      [
        0.16042634144266818,
        0.9837157617181005,
        -0.08103511040714263
      ],
      [
        -0.7631252819894729,
        0.17568301733189784,
        0.6219125994942116
      ]
    ],
    "fx": 4649.505977743847,
    "fy": 4627.300372546341
  },
  {
    "id": 4,
    "img_name": "frame0004",
    "width": 4946,
    "height": 3286,
    "position": [
      -2.9980404232517803,
      1.3862049434151593,
      -2.162586076727945
    ],
    "rotation": [
      [
        0.6227792739708123,
        -0.03789158237148128,
        0.7814794967865588
      ],
      [
        0.16091930098791135,
        0.983675504654072,
        -0.08054489501587711
      ],
      [
        -0.7656702648542322,
        0.175916825599321,
        0.61871020355988
      ]
    ],
    "fx": 4649.505977743847,
    "fy": 4627.300372546341
  },
  {
    "id": 5,
    "img_name": "frame0005",
    "width": 4946,
    "height": 3286,
    "position": [
      -2.9968800807187232,
      1.3825630183285669,
      -2.1461324569033486
    ],
    "rotation": [
      [
        0.6195260903994989,
        -0.03785095790993737,
        0.7840629619486003
      ],
      [
        0.1614102163060667,
        0.9836352566996389,
        -0.08005263174602188
      ],
      [
        -0.7682019040501923,
        0.17615046625750264,
        0.6154972362658696
      ]
    ],
    "fx": 4649.505977743847,
    "fy": 4627.300372546341
  },
  {
    "id": 6,
    "img_name": "frame0006",
    "width": 4946,
    "height": 3286,
    "position": [
      -2.9957197381856666,
      1.3789210932419749,
      -2.1296788370787523
    ],
    "rotation": [
      [
        0.6162622246936332,
        -0.03780934887022745,
        0.7866329026640468
      ],
      [
        0.16189907892122823,
        0.9835950185497031,
        -0.07955832909675598
      ],
      [
        -0.770720155867298,
        0.1763839352725164,
        0.6122737530857165
      ]
    ],
    "fx": 4649.505977743847,
    "fy": 4627.300372546341
  },
  {
    "id": 7,
    "img_name": "frame0007",
    "width": 4946,
    "height": 3286,
    "position": [
      -2.9945593956526095,
      1.3752791681553829,
      -2.113225217254156
    ],
    "rotation": [
      [
        0.6129877332055387,
        -0.03776675597075308,
        0.7891892745615473
      ],
      [
        0.16238588039293106,
        0.9835547908989962,
        -0.07906199560246938
      ],
      [
        -0.7732249768266338,
        0.17661722861339937,
        0.6090398096745189
      ]
    ],
    "fx": 4649.505977743847,
    "fy": 4627.300372546341
  },
  {
    "id": 8,
    "img_name": "frame0008",
    "width": 4946,
    "height": 3286,
    "position": [
      -2.9933990531195525,
      1.3716372430687906,
      -2.0967715974295595
    ],
    "rotation": [
      [
        0.6097026724709976,
        -0.03772317994690255,
        0.7917320335040241
      ],
      [
        0.16287061231629676,
        0.9835145744420699,
        -0.07856363983261551
      ],
      [
        -0.7757163236811755,
        0.1768503422522218,
        0.6057954618679757
      ]
    ],
    "fx": 4649.505977743847,
    "fy": 4627.300372546341
  },
  {
    "id": 9,
    "img_name": "frame0009",
    "width": 4946,
    "height": 3286,
    "position": [
      -2.992238710586496,
      1.3679953179821986,
      -2.080317977604963
    ],
    "rotation": [
      [
        0.6064070992082773,
        -0.03767862155103849,
        0.7942611355894336
      ],
      [
        0.16335326632217903,
        0.9834743698732821,
        -0.07806327039156363
      ],
      [
        -0.7781941534165353,
        0.17708327216415654,
        0.6025407656814247
      ]
    ],
    "fx": 4649.505977743847,
    "fy": 4627.300372546341
  },
  {
    "id": 10,
    "img_name": "frame0010",
    "width": 4946,
    "height": 3286,
    "position": [
      -2.991078368053439,
      1.3643533928956064,
      -2.063864357780367
    ],
    "rotation": [
      [
        0.603101070317148,
        -0.03763308155248443,
        0.7967765371515245
      ],
      [
        0.16383383407730767,
        0.9834341778867852,
        -0.07756089591845
      ],
      [
        -0.7806584232517062,
        0.17731601432754873,
        0.599275777308872
      ]
    ],
    "fx": 4649.505977743847,
    "fy": 4627.300372546341
  },
  {
    "id": 11,
    "img_name": "frame0011",
    "width": 4946,
    "height": 3286,
    "position": [
      -2.989918025520382,
      1.3607114678090144,
      -2.0474107379557704
    ],
    "rotation": [
      [
        0.599784642877902,
        -0.03758656073751199,
        0.7992781947605934
      ],
      [
        0.16431230728443275,
        0.9833939991765143,
        -0.07705652508702873
      ],
      [
        -0.7831090906397995,
        0.17754856472398492,
        0.5960005531220245
      ]
    ],
    "fx": 4649.505977743847,
    "fy": 4627.300372546341
  },
  {
    "id": 12,
    "img_name": "frame0012",
    "width": 4946,
    "height": 3286,
    "position": [
      -2.9887576829873255,
      1.3570695427224224,
      -2.030957118131174
    ],
    "rotation": [
      [
        0.5964578741503684,
        -0.03753905990932703,
        0.8017660652242322
      ],
      [
        0.16478867768246785,
        0.9833538344361764,
        -0.07655016660552219
      ],
      [
        -0.7855461132687804,
        0.17778091933836274,
        0.5927151496693159
      ]
    ],
    "fx": 4649.505977743847,
    "fy": 4627.300372546341
  },
  {
    "id": 13,
    "img_name": "frame0013",
    "width": 4946,
    "height": 3286,
    "position": [
      -2.9875973404542684,
      1.3534276176358302,
      -2.0145034983065777
    ],
    "rotation": [
      [
        0.5931208215729231,
        -0.037490579888055764,
        0.8042401055880751
      ],
      [
        0.16526293704663247,
        0.9833136843592354,
        -0.07604182921647042
      ],
      [
        -0.7879694490621966,
        0.17801307415895995,
        0.5894196236749292
      ]
    ],
    "fx": 4649.505977743847,
    "fy": 4627.300372546341
  },
  {
    "id": 14,
    "img_name": "frame0014",
    "width": 4946,
    "height": 3286,
    "position": [
      -2.9864369979212118,
      1.349785692549238,
      -1.9980498784819816
    ],
    "rotation": [
      [
        0.5897735427614987,
        -0.03744112151073076,
        0.8067002731365405
      ],
      [
        0.16573507718859432,
        0.9832735496389036,
        -0.07553152169658042
      ],
      [
        -0.7903790561799073,
        0.17824502517750393,
        0.5861140320378191
      ]
    ],
    "fx": 4649.505977743847,
    "fy": 4627.300372546341
  },
  {
    "id": 15,
    "img_name": "frame0015",
    "width": 4946,
    "height": 3286,
    "position": [
      -2.9852766553881547,
      1.346143767462646,
      -1.9815962586573852
    ],
    "rotation": [
      [
        0.5864160955085888,
        -0.037390685631276385,
        0.8091465253935686
      ],
      [
        0.1662050899566107,
        0.9832334309681279,
        -0.07501925285657454
      ],
      [
        -0.7927748930188043,
        0.178476768389241,
        0.5827984318307288
      ]
    ],
    "fx": 4649.505977743847,
    "fy": 4627.300372546341
  },
  {
    "id": 16,
    "img_name": "frame0016",
    "width": 4946,
    "height": 3286,
    "position": [
      -2.9841163128550976,
      1.3425018423760537,
      -1.9651426388327888
    ],
    "rotation": [
      [
        0.5830485377822505,
        -0.037339273120494135,
        0.8115788201233525
      ],
      [
        0.16667296723566877,
        0.9831933290395775,
        -0.07450503154103824
      ],
      [
        -0.7951569182135294,
        0.17870829979300504,
        0.5794728802992045
      ]
    ],
    "fx": 4649.505977743847,
    "fy": 4627.300372546341
  },
  {
    "id": 17,
    "img_name": "frame0017",
    "width": 4946,
    "height": 3286,
    "position": [
      -2.9829559703220414,
      1.3388599172894617,
      -1.9486890190081925
    ],
    "rotation": [
      [
        0.579670927725103,
        -0.03728688486604745,
        0.8139971153310707
      ],
      [
        0.16713870094762626,
        0.9831532445456326,
        -0.07398886662826748
      ],
      [
        -0.7975250906371901,
        0.178939615391287,
        0.5761374348606068
      ]
    ],
    "fx": 4649.505977743847,
    "fy": 4627.300372546341
  },
  {
    "id": 18,
    "img_name": "frame0018",
    "width": 4946,
    "height": 3286,
    "position": [
      -2.9817956277889848,
      1.3352179922028697,
      -1.932235399183596
    ],
    "rotation": [
      [
        0.5762833236533247,
        -0.03723352177244656,
        0.8164013692636107
      ],
      [
        0.16760228305135072,
        0.9831131781783731,
        -0.07347076703011554
      ],
      [
        -0.7998793694020696,
        0.17917071119030406,
        0.5727921531031201
      ]
    ],
    "fx": 4649.505977743847,
    "fy": 4627.300372546341
  },
  {
    "id": 19,
    "img_name": "frame0019",
    "width": 4946,
    "height": 3286,
    "position": [
      -2.9806352852559277,
      1.3315760671162775,
      -1.9157817793589997
    ],
    "rotation": [
      [
        0.5728857840556455,
        -0.037179184761032796,
        0.8187915404102889
      ],
      [
        0.16806370554285818,
        0.9830731306295655,
        -0.07295074169183893
      ],
      [
        -0.8022197138603316,
        0.17940158320006802,
        0.5694370927847582
      ]
    ],
    "fx": 4649.505977743847,
    "fy": 4627.300372546341
  },
  {
    "id": 20,
    "img_name": "frame0020",
    "width": 4946,
    "height": 3286,
    "position": [
      -2.9794749427228706,
      1.3279341420296855,
      -1.8993281595344034
    ],
    "rotation": [
      [
        0.5694783675923372,
        -0.037123874769962636,
        0.8211675875035689
      ],
      [
        0.1685229604554515,
        0.9830331025906508,
        -0.07242879959194307
      ],
      [
        -0.8045460836047229,
        0.1796322274344547,
        0.5660723118323657
      ]
    ],
    "fx": 4649.505977743847,
    "fy": 4627.300372546341
  },
  {
    "id": 21,
    "img_name": "frame0021",
    "width": 4946,
    "height": 3286,
    "position": [
      -2.978314600189814,
      1.3242922169430935,
      -1.882874539709807
    ],
    "rotation": [
      [
        0.5660611330942008,
        -0.03706759275419154,
        0.8235294695197731
      ],
      [
        0.168980039859858,
        0.982993094752734,
        -0.0719049497420273
      ],
      [
        -0.8068584384692711,
        0.17986263991127252,
        0.56269786834062
      ]
    ],
    "fx": 4649.505977743847,
    "fy": 4627.300372546341
  },
  {
    "id": 22,
    "img_name": "frame0022",
    "width": 4946,
    "height": 3286,
    "position": [
      -2.977154257656757,
      1.3206502918565013,
      -1.8664209198852106
    ],
    "rotation": [
      [
        0.5626341395615512,
        -0.037010339685457555,
        0.825877145679792
      ],
      [
        0.16943493586436628,
        0.9829531078065713,
        -0.07137920118662922
      ],
      [
        -0.809156738529978,
        0.1800928166523314,
        0.5593138205710267
      ]
    ],
    "fx": 4649.505977743847,
    "fy": 4627.300372546341
  },
  {
    "id": 23,
    "img_name": "frame0023",
    "width": 4946,
    "height": 3286,
    "position": [
      -2.9759939151237003,
      1.3170083667699093,
      -1.8499673000606143
    ],
    "rotation": [
      [
        0.5591974461631976,
        -0.03695211655226442,
        0.8282105754497858
      ],
      [
        0.16988764061496225,
        0.9829131424425576,
        -0.07085156300306852
      ],
      [
        -0.8114409441055085,
        0.1803227536835111,
        0.5559202269509148
      ]
    ],
    "fx": 4649.505977743847,
    "fy": 4627.300372546341
  },
  {
    "id": 24,
    "img_name": "frame0024",
    "width": 4946,
    "height": 3286,
    "position": [
      -2.9748335725906436,
      1.3133664416833168,
      -1.833513680236018
    ],
    "rotation": [
      [
        0.5557511122354225,
        -0.03689292435986455,
        0.8305297185418884
      ],
      [
        0.17033814629546531,
        0.9828731993507159,
        -0.07032204430129044
      ],
      [
        -0.8137110157578767,
        0.18055244703483062,
        0.5525171460724266
      ]
    ],
    "fx": 4649.505977743847,
    "fy": 4627.300372546341
  },
  {
    "id": 25,
    "img_name": "frame0025",
    "width": 4946,
    "height": 3286,
    "position": [
      -2.9736732300575865,
      1.3097245165967248,
      -1.8170600604114215
    ],
    "rotation": [
      [
        0.5522951972809571,
        -0.03683276413024161,
        0.8328345349148983
      ],
      [
        0.1707864451276626,
        0.982833279220684,
        -0.06979065422370812
      ],
      [
        -0.8159669142931255,
        0.1807818927405156,
        0.5491046366915072
      ]
    ],
    "fx": 4649.505977743847,
    "fy": 4627.300372546341
  },
  {
    "id": 26,
    "img_name": "frame0026",
    "width": 4946,
    "height": 3286,
    "position": [
      -2.97251288752453,
      1.3060825915101326,
      -1.8006064405868254
    ],
    "rotation": [
      [
        0.5488297609679538,
        -0.03677163690209298,
        0.8351249847749734
      ],
      [
        0.17123252937144381,
        0.9827933827417035,
        -0.06925740194504515
      ],
      [
        -0.8182086007620041,
        0.1810110868390678,
        0.5456827577268895
      ]
    ],
    "fx": 4649.505977743847,
    "fy": 4627.300372546341
  },
  {
    "id": 27,
    "img_name": "frame0027",
    "width": 4946,
    "height": 3286,
    "position": [
      -2.971352544991473,
      1.3024406664235406,
      -1.784152820762229
    ],
    "rotation": [
      [
        0.5453548631289563,
        -0.03670954373081174,
        0.8374010285763167
      ],
      [
        0.17167639132493462,
        0.9827535106026075,
        -0.06872229667217689
      ],
      [
        -0.8204360364606404,
        0.18124002537333303,
        0.5422515682590769
      ]
    ],
    "fx": 4649.505977743847,
    "fy": 4627.300372546341
  },
  {
    "id": 28,
    "img_name": "frame0028",
    "width": 4946,
    "height": 3286,
    "position": [
      -2.9701922024584158,
      1.2987987413369486,
      -1.7676992009376327
    ],
    "rotation": [
      [
        0.5418705637598668,
        -0.036646485688468525,
        0.8396626270218588
      ],
      [
        0.17211802332462967,
        0.9827136634918093,
        -0.0681853476439716
      ],
      [
        -0.8226491829312095,
        0.1814687043905695,
        0.5388111275293243
      ]
    ],
    "fx": 4649.505977743847,
    "fy": 4627.300372546341
  },
  {
    "id": 29,
    "img_name": "frame0029",
    "width": 4946,
    "height": 3286,
    "position": [
      -2.969031859925359,
      1.2951568162503564,
      -1.7512455811130363
    ],
    "rotation": [
      [
        0.538376923018909,
        -0.036582463863792866,
        0.8419097410639375
      ],
      [
        0.17255741774552485,
        0.9826738420972899,
        -0.06764656413113102
      ],
      [
        -0.8248480019625969,
        0.18169711994251614,
        0.5353614949386132
      ]
    ],
    "fx": 4649.505977743847,
    "fy": 4627.300372546341
  },
  {
    "id": 30,
    "img_name": "frame0030",
    "width": 4946,
    "height": 3286,
    "position": [
      -2.967871517392303,
      1.2915148911637644,
      -1.73479196128844
    ],
    "rotation": [
      [
        0.5348740012255908,
        -0.036517479362154645,
        0.8441423319049705
      ],
      [
        0.1729945670012491,
        0.9826340471065858,
        -0.06710595543603004
      ],
      [
        -0.827032455591059,
        0.1819252680854606,
        0.5319027300466282
      ]
    ],
    "fx": 4649.505977743847,
    "fy": 4627.300372546341
  },
  {
    "id": 31,
    "img_name": "frame0031",
    "width": 4946,
    "height": 3286,
    "position": [
      -2.966711174859246,
      1.2878729660771722,
      -1.7183383414638436
    ],
    "rotation": [
      [
        0.5313618588596623,
        -0.03645153330554472,
        0.8463603609981264
      ],
      [
        0.1734294635441952,
        0.9825942792067781,
        -0.06656353089255643
      ],
      [
        -0.829202506100878,
        0.1821531448803078,
        0.5284348925707276
      ]
    ],
    "fx": 4649.505977743847,
    "fy": 4627.300372546341
  },
  {
    "id": 32,
    "img_name": "frame0032",
    "width": 4946,
    "height": 3286,
    "position": [
      -2.9655508323261888,
      1.2842310409905802,
      -1.7018847216392474
    ],
    "rotation": [
      [
        0.5278405565600708,
        -0.03638462683255572,
        0.8485637900479908
      ],
      [
        0.17386209986565038,
        0.9825545390844809,
        -0.06601929986594944
      ],
      [
        -0.8313581160250145,
        0.1823807463926475,
        0.5249580423849123
      ]
    ],
    "fx": 4649.505977743847,
    "fy": 4627.300372546341
  },
  {
    "id": 33,
    "img_name": "frame0033",
    "width": 4946,
    "height": 3286,
    "position": [
      -2.964390489793132,
      1.280589115903988,
      -1.685431101814651
    ],
    "rotation": [
      [
        0.5243101551239151,
        -0.03631676109836243,
        0.8507525810112248
      ],
      [
        0.17429246849592545,
        0.9825148274258266,
        -0.06547327175263815
      ],
      [
        -0.8334992481457514,
        0.18260806869282212,
        0.5214722395187923
      ]
    ],
    "fx": 4649.505977743847,
    "fy": 4627.300372546341
  },
  {
    "id": 34,
    "img_name": "frame0034",
    "width": 4946,
    "height": 3286,
    "position": [
      -2.963230147260075,
      1.2769471908173957,
      -1.6689774819900545
    ],
    "rotation": [
      [
        0.5207707155053959,
        -0.0362479372747017,
        0.8529266960972249
      ],
      [
        0.17472056200448438,
        0.9824751449164586,
        -0.06492545598007941
      ],
      [
        -0.8356258654953398,
        0.18283510785599516,
        0.5179775441565507
      ]
    ],
    "fx": 4649.505977743847,
    "fy": 4627.300372546341
  },
  {
    "id": 35,
    "img_name": "frame0035",
    "width": 4946,
    "height": 3286,
    "position": [
      -2.9620698047270184,
      1.2733052657308037,
      -1.6525238621654583
    ],
    "rotation": [
      [
        0.5172222988147612,
        -0.03617815654985228,
        0.8550860977687735
      ],
      [
        0.17514637300007196,
        0.982435492241515,
        -0.06437586200659473
      ],
      [
        -0.8377379313566349,
        0.18306185996221835,
        0.5144740166359032
      ]
    ],
    "fx": 4649.505977743847,
    "fy": 4627.300372546341
  },
  {
    "id": 36,
    "img_name": "frame0036",
    "width": 4946,
    "height": 3286,
    "position": [
      -2.9609094621939613,
      1.2696633406442117,
      -1.636070242340862
    ],
    "rotation": [
      [
        0.5136649663172544,
        -0.0361074201286144,
        0.8572307487426882
      ],
      [
        0.17556989413084204,
        0.98239587008562,
        -0.06382449932120732
      ],
      [
        -0.8398354092637312,
        0.18328832109649978,
        0.5109617174470585
      ]
    ],
    "fx": 4649.505977743847,
    "fy": 4627.300372546341
  },
  {
    "id": 37,
    "img_name": "frame0037",
    "width": 4946,
    "height": 3286,
    "position": [
      -2.9597491196609047,
      1.2660214155576195,
      -1.6196166225162654
    ],
    "rotation": [
      [
        0.510098779432054,
        -0.03603572923228876,
        0.8593606119904649
      ],
      [
        0.17599111808448406,
        0.9823562791328706,
        -0.06327137744347808
      ],
      [
        -0.8419182630025923,
        0.18351448734887132,
        0.5074407072316716
      ]
    ],
    "fx": 4649.505977743847,
    "fy": 4627.300372546341
  },
  {
    "id": 38,
    "img_name": "frame0038",
    "width": 4946,
    "height": 3286,
    "position": [
      -2.958588777127848,
      1.2623794904710275,
      -1.6031630026916692
    ],
    "rotation": [
      [
        0.5065237997312141,
        -0.03596308509865569,
        0.8614756507389166
      ],
      [
        0.17641003758834933,
        0.9823167200668249,
        -0.06271650592334116
      ],
      [
        -0.8439864566116747,
        0.18374035481445591,
        0.5039110467817983
      ]
    ],
    "fx": 4649.505977743847,
    "fy": 4627.300372546341
  },
  {
    "id": 39,
    "img_name": "frame0039",
    "width": 4946,
    "height": 3286,
    "position": [
      -2.9574284345947914,
      1.2587375653844355,
      -1.5867093828670729
    ],
    "rotation": [
      [
        0.5029400889386016,
        -0.03588948898195356,
        0.8635758284708098
      ],
      [
        0.17682664540957682,
        0.9822771935704906,
        -0.062159894340939416
      ],
      [
        -0.84603995438255,
        0.1839659195935356,
        0.5003727970388454
      ]
    ],
    "fx": 4649.505977743847,
    "fy": 4627.300372546341
  },
  {
    "id": 40,
    "img_name": "frame0040",
    "width": 4946,
    "height": 3286,
    "position": [
      -2.956268092061734,
      1.2550956402978433,
      -1.5702557630424763
    ],
    "rotation": [
      [
        0.49934770892883007,
        -0.03581494215285724,
        0.8656611089254941
      ],
      [
        0.1772409343552178,
        0.9822377003263131,
        -0.06160155230645855
      ],
      [
        -0.8480787208605213,
        0.18419117779161806,
        0.49682601909251767
      ]
    ],
    "fx": 4649.505977743847,
    "fy": 4627.300372546341
  },
  {
    "id": 41,
    "img_name": "frame0041",
    "width": 4946,
    "height": 3286,
    "position": [
      -2.9551077495286773,
      1.2514537152112513,
      -1.5538021432178801
    ],
    "rotation": [
      [
        0.49574672172619183,
        -0.03573944589845619,
        0.867731456099527
      ],
      [
        0.17765289727236006,
        0.9821982410161636,
        -0.061041489459961594
      ],
      [
        -0.8501027208452342,
        0.1844161255195045,
        0.4932707741797646
      ]
    ],
    "fx": 4649.505977743847,
    "fy": 4627.300372546341
  },
  {
    "id": 42,
    "img_name": "frame0042",
    "width": 4946,
    "height": 3286,
    "position": [
      -2.9539474069956206,
      1.247811790124659,
      -1.537348523393284
    ],
    "rotation": [
      [
        0.4921371895035859,
        -0.03566300152223212,
        0.8697868342472982
      ],
      [
        0.17806252704825168,
        0.9821588163213274,
        -0.06047971547122213
      ],
      [
        -0.8521119193912866,
        0.18464075889335652,
        0.489707123683721
      ]
    ],
    "fx": 4649.505977743847,
    "fy": 4627.300372546341
  },
  {
    "id": 43,
    "img_name": "frame0043",
    "width": 4946,
    "height": 3286,
    "position": [
      -2.952787064462564,
      1.2441698650380668,
      -1.5208949035686872
    ],
    "rotation": [
      [
        0.48851917458144684,
        -0.03558561034403655,
        0.8718272078816448
      ],
      [
        0.17846981661042333,
        0.9821194269224921,
        -0.05991624003955759
      ],
      [
        -0.8541062818088297,
        0.18486507403476304,
        0.4861351291326495
      ]
    ],
    "fx": 4649.505977743847,
    "fy": 4627.300372546341
  },
  {
    "id": 44,
    "img_name": "frame0044",
    "width": 4946,
    "height": 3286,
    "position": [
      -2.9516267219295065,
      1.2405279399514748,
      -1.5044412837440913
    ],
    "rotation": [
      [
        0.484892739426666,
        -0.035507273700068065,
        0.8738525417744645
      ],
      [
        0.178874758926811,
        0.982080073499736,
        -0.05935107289366169
      ],
      [
        -0.8560857736641692,
        0.1850890670708077,
        0.4825548521988764
      ]
    ],
    "fx": 4649.505977743847,
    "fy": 4627.300372546341
  },
  {
    "id": 45,
    "img_name": "frame0045",
    "width": 4946,
    "height": 3286,
    "position": [
      -2.95046637939645,
      1.2368860148648826,
      -1.4879876639194944
    ],
    "rotation": [
      [
        0.48125794665151556,
        -0.03542799294284926,
        0.8758628009573238
      ],
      [
        0.17927734700587683,
        0.9820407567325161,
        -0.058784223791436344
      ],
      [
        -0.8580503607803575,
        0.18531273413413518,
        0.4789663546977281
      ]
    ],
    "fx": 4649.505977743847,
    "fy": 4627.300372546341
  },
  {
    "id": 46,
    "img_name": "frame0046",
    "width": 4946,
    "height": 3286,
    "position": [
      -2.949306036863393,
      1.2332440897782906,
      -1.4715340440948985
    ],
    "rotation": [
      [
        0.47761485901256573,
        -0.035347769441203186,
        0.8778579507220623
      ],
      [
        0.1796775738967302,
        0.9820014772996569,
        -0.0582157025198235
      ],
      [
        -0.8600000092377862,
        0.18553607136301842,
        0.4753696985864633
      ]
    ],
    "fx": 4649.505977743847,
    "fy": 4627.300372546341
  },
  {
    "id": 47,
    "img_name": "frame0047",
    "width": 4946,
    "height": 3286,
    "position": [
      -2.9481456943303366,
      1.2296021646916986,
      -1.4550804242703022
    ],
    "rotation": [
      [
        0.4739635394096021,
        -0.03526660458022994,
        0.8798379566213909
      ],
      [
        0.18007543268924758,
        0.9819622358793381,
        -0.0576455188946359
      ],
      [
        -0.8619346853747697,
        0.1857590749014251,
        0.47176494596320306
      ]
    ],
    "fx": 4649.505977743847,
    "fy": 4627.300372546341
  },
  {
    "id": 48,
    "img_name": "frame0048",
    "width": 4946,
    "height": 3286,
    "position": [
      -2.9469853517972795,
      1.2259602396051064,
      -1.4386268044457053
    ],
    "rotation": [
      [
        0.4703040508845387,
        -0.03518449976128271,
        0.8818027844694877
      ],
      [
        0.18047091651419186,
        0.9819230331490827,
        -0.057073682760387545
      ],
      [
        -0.8638543557881276,
        0.18598174089908415,
        0.4681521590658588
      ]
    ],
    "fx": 4649.505977743847,
    "fy": 4627.300372546341
  },
  {
    "id": 49,
    "img_name": "frame0049",
    "width": 4946,
    "height": 3286,
    "position": [
      -2.9458250092642224,
      1.2223183145185144,
      -1.4221731846211094
    ],
    "rotation": [
      [
        0.46663645662033104,
        -0.03510145640194352,
        0.8837524003425871
      ],
      [
        0.18086401854333112,
        0.981883869785746,
        -0.05650020399012404
      ],
      [
        -0.8657589873337611,
        0.18620406551155244,
        0.4645314002710581
      ]
    ],
    "fx": 4649.505977743847,
    "fy": 4627.300372546341
  },
  {
    "id": 50,
    "img_name": "frame0050",
    "width": 4946,
    "height": 3286,
    "position": [
      -2.944664666731166,
      1.2186763894319221,
      -1.4057195647965128
    ],
    "rotation": [
      [
        0.46296081993988375,
        -0.035017475935998674,
        0.8856867705795668
      ],
      [
        0.18125473198955622,
        0.981844746465504,
        -0.05592509248525185
      ],
      [
        -0.8676485471272251,
        0.18642604490028097,
        0.46090273209306726
      ]
    ],
    "fx": 4649.505977743847,
    "fy": 4627.300372546341
  },
  {
    "id": 51,
    "img_name": "frame0051",
    "width": 4946,
    "height": 3286,
    "position": [
      -2.943504324198109,
      1.21503446434533,
      -1.3892659449719165
    ],
    "rotation": [
      [
        0.4592772043049588,
        -0.034932559813414296,
        0.8876058617825278
      ],
      [
        0.1816430501069981,
        0.9818056638638413,
        -0.055348358175367485
      ],
      [
        -0.8695230025442962,
        0.18664767523268117,
        0.45726621718271276
      ]
    ],
    "fx": 4649.505977743847,
    "fy": 4627.300372546341
  },
  {
    "id": 52,
    "img_name": "frame0052",
    "width": 4946,
    "height": 3286,
    "position": [
      -2.9423439816650525,
      1.211392539258738,
      -1.3728123251473203
    ],
    "rotation": [
      [
        0.4555856733150779,
        -0.034846709500310935,
        0.889509640817371
      ],
      [
        0.18202896619114445,
        0.9817666226555386,
        -0.054770011018086026
      ],
      [
        -0.8713823212215352,
        0.18686895268219123,
        0.4536219183262981
      ]
    ],
    "fx": 4649.505977743847,
    "fy": 4627.300372546341
  },
  {
    "id": 53,
    "img_name": "frame0053",
    "width": 4946,
    "height": 3286,
    "position": [
      -2.941183639131995,
      1.2077506141721457,
      -1.3563587053227237
    ],
    "rotation": [
      [
        0.4518862907064256,
        -0.03475992647893848,
        0.8913980748143709
      ],
      [
        0.18241247357895513,
        0.981727623514662,
        -0.0541900609988691
      ],
      [
        -0.8732264710568473,
        0.18708987342834177,
        0.4499698984445206
      ]
    ],
    "fx": 4649.505977743847,
    "fy": 4627.300372546341
  },
  {
    "id": 54,
    "img_name": "frame0054",
    "width": 4946,
    "height": 3286,
    "position": [
      -2.9400232965989384,
      1.2041086890855537,
      -1.3399050854981274
    ],
    "rotation": [
      [
        0.44817912035074936,
        -0.03467221224765056,
        0.8932711311687409
      ],
      [
        0.18279356564897742,
        0.9816886671145525,
        -0.05360851813085264
      ],
      [
        -0.8750554202100351,
        0.18731043365682232,
        0.44631022059138603
      ]
    ],
    "fx": 4649.505977743847,
    "fy": 4627.300372546341
  },
  {
    "id": 55,
    "img_name": "frame0055",
    "width": 4946,
    "height": 3286,
    "position": [
      -2.9388629540658817,
      1.2004667639989617,
      -1.3234514656735312
    ],
    "rotation": [
      [
        0.4444642262542561,
        -0.034583568320878555,
        0.8951287775411987
      ],
      [
        0.18317223582146058,
        0.9816497541278129,
        -0.05302539245467412
      ],
      [
        -0.8768691371033497,
        0.18753062955954714,
        0.44264294795311854
      ]
    ],
    "fx": 4649.505977743847,
    "fy": 4627.300372546341
  },
  {
    "id": 56,
    "img_name": "frame0056",
    "width": 4946,
    "height": 3286,
    "position": [
      -2.9377026115328246,
      1.1968248389123695,
      -1.3069978458489346
    ],
    "rotation": [
      [
        0.4407416725565058,
        -0.03449399622910557,
        0.8969709818585218
      ],
      [
        0.18354847755846873,
        0.9816108852262948,
        -0.05244069403829857
      ],
      [
        -0.8786675904220335,
        0.1877504573347202,
        0.4389681438470692
      ]
    ],
    "fx": 4649.505977743847,
    "fy": 4627.300372546341
  },
  {
    "id": 57,
    "img_name": "frame0057",
    "width": 4946,
    "height": 3286,
    "position": [
      -2.9365422689997676,
      1.1931829138257775,
      -1.2905442260243385
    ],
    "rotation": [
      [
        0.4370115235293069,
        -0.03440349751883989,
        0.8987977123141032
      ],
      [
        0.18392228436399452,
        0.9815720610810905,
        -0.05185443297684558
      ],
      [
        -0.8804507491148635,
        0.18796991318690182,
        0.4352858717206252
      ]
    ],
    "fx": 4649.505977743847,
    "fy": 4627.300372546341
  },
  {
    "id": 58,
    "img_name": "frame0058",
    "width": 4946,
    "height": 3286,
    "position": [
      -2.9353819264667114,
      1.1895409887391855,
      -1.2740906061997421
    ],
    "rotation": [
      [
        0.4332738435756046,
        -0.03431207375258835,
        0.9006089373685006
      ],
      [
        0.18429364978407067,
        0.9815332823625188,
        -0.051266619392414545
      ],
      [
        -0.8822185823946859,
        0.1881889933270735,
        0.4315961951501124
      ]
    ],
    "fx": 4649.505977743847,
    "fy": 4627.300372546341
  },
  {
    "id": 59,
    "img_name": "frame0059",
    "width": 4946,
    "height": 3286,
    "position": [
      -2.9342215839336543,
      1.1858990636525932,
      -1.2576369863751458
    ],
    "rotation": [
      [
        0.4295286972283689,
        -0.03421972650882944,
        0.9024046257499799
      ],
      [
        0.18466256740688197,
        0.981494549740114,
        -0.050677263433909756
      ],
      [
        -0.8839710597389482,
        0.18840769397270385,
        0.4278991778396974
      ]
    ],
    "fx": 4649.505977743847,
    "fy": 4627.300372546341
  },
  {
    "id": 60,
    "img_name": "frame0060",
    "width": 4946,
    "height": 3286,
    "position": [
      -2.9330612414005977,
      1.1822571385660012,
      -1.2411833665505494
    ],
    "rotation": [
      [
        0.425776149149482,
        -0.03412645738198593,
        0.9041847464550559
      ],
      [
        0.1850290308628756,
        0.981455863882615,
        -0.05008637527686566
      ],
      [
        -0.885708150890226,
        0.1886260113478135,
        0.42419488362028995
      ]
    ],
    "fx": 4649.505977743847,
    "fy": 4627.300372546341
  },
  {
    "id": 61,
    "img_name": "frame0061",
    "width": 4946,
    "height": 3286,
    "position": [
      -2.9319008988675406,
      1.178615213479409,
      -1.224729746725953
    ],
    "rotation": [
      [
        0.42201626412861964,
        -0.03403226798239732,
        0.9059492687490273
      ],
      [
        0.18539303382487093,
        0.981417225457953,
        -0.0494939651232707
      ],
      [
        -0.8874298258567453,
        0.18884394168304042,
        0.4204833764484383
      ]
    ],
    "fx": 4649.505977743847,
    "fy": 4627.300372546341
  },
  {
    "id": 62,
    "img_name": "frame0062",
    "width": 4946,
    "height": 3286,
    "position": [
      -2.9307405563344835,
      1.1749732883928168,
      -1.2082761269013567
    ],
    "rotation": [
      [
        0.418249107082135,
        -0.03393715993629215,
        0.9076981621665079
      ],
      [
        0.18575457000816956,
        0.9813786351332408,
        -0.048900043201391574
      ],
      [
        -0.889136054912901,
        0.1890614812157052,
        0.41676472040522666
      ]
    ],
    "fx": 4649.505977743847,
    "fy": 4627.300372546341
  },
  {
    "id": 63,
    "img_name": "frame0063",
    "width": 4946,
    "height": 3286,
    "position": [
      -2.929580213801427,
      1.1713313633062248,
      -1.1918225070767603
    ],
    "rotation": [
      [
        0.41447474305193455,
        -0.033841134885759794,
        0.9094313965119506
      ],
      [
        0.1861136331706627,
        0.9813400935747593,
        -0.048304619765596135
      ],
      [
        -0.8908268085997687,
        0.18927862618987554,
        0.413038979695167
      ]
    ],
    "fx": 4649.505977743847,
    "fy": 4627.300372546341
  },
  {
    "id": 64,
    "img_name": "frame0064",
    "width": 4946,
    "height": 3286,
    "position": [
      -2.9284198712683702,
      1.1676894382196328,
      -1.175368887252164
    ],
    "rotation": [
      [
        0.4106932372043594,
        -0.03374419448872233,
        0.9111489418601719
      ],
      [
        0.18647021711293993,
        0.981301601447949,
        -0.047707705096176944
      ],
      [
        -0.8925020577256149,
        0.1894953728564316,
        0.4093062186450936
      ]
    ],
    "fx": 4649.505977743847,
    "fy": 4627.300372546341
  },
  {
    "id": 65,
    "img_name": "frame0065",
    "width": 4946,
    "height": 3286,
    "position": [
      -2.9272595287353136,
      1.1640475131330406,
      -1.1589152674275676
    ],
    "rotation": [
      [
        0.40690465482905624,
        -0.03364634041890559,
        0.9128507685568664
      ],
      [
        0.1868243156783958,
        0.9812631594173963,
        -0.04710930949917341
      ],
      [
        -0.8941617733664003,
        0.18971171747313056,
        0.4055665017030492
      ]
    ],
    "fx": 4649.505977743847,
    "fy": 4627.300372546341
  },
  {
    "id": 66,
    "img_name": "frame0066",
    "width": 4946,
    "height": 3286,
    "position": [
      -2.9260991862022565,
      1.1604055880464486,
      -1.1424616476029712
    ],
    "rotation": [
      [
        0.4031090613378518,
        -0.03354757436581049,
        0.9145368472191192
      ],
      [
        0.18717592275333603,
        0.9812247681468225,
        -0.046509443306193804
      ],
      [
        -0.8958059268662791,
        0.18992765630467112,
        0.40181989343717345
      ]
    ],
    "fx": 4649.505977743847,
    "fy": 4627.300372546341
  },
  {
    "id": 67,
    "img_name": "frame0067",
    "width": 4946,
    "height": 3286,
    "position": [
      -2.9249388436692,
      1.1567636629598566,
      -1.126008027778375
    ],
    "rotation": [
      [
        0.3993065222636239,
        -0.03344789803468394,
        0.9162071487359134
      ],
      [
        0.18752503226708328,
        0.9811864282990728,
        -0.045908116874237015
      ],
      [
        -0.8974344898380939,
        0.19014318562275803,
        0.3980664585345894
      ]
    ],
    "fx": 4649.505977743847,
    "fy": 4627.300372546341
  },
  {
    "id": 68,
    "img_name": "frame0068",
    "width": 4946,
    "height": 3286,
    "position": [
      -2.923778501136143,
      1.1531217378732643,
      -1.1095544079537785
    ],
    "rotation": [
      [
        0.39549710325916887,
        -0.03334731314648905,
        0.9178616442686318
      ],
      [
        0.1878716381920819,
        0.9811481405361039,
        -0.045305340585513845
      ],
      [
        -0.8990474341638655,
