[
  {
    "id": 1500,
    "img_name": "frame1500",
    "width": 4946,
    "height": 3286,
    "position": [
      -1.8569187449865536,
      -0.7332462524158154,
      1.3824468541840913
    ],
    "rotation": [
      [
        -0.18752492690489458,
        -0.15867492509746778,
        0.9693588963508957
      ],
      [
        0.21549561861688693,
        0.95617792272091,
        0.19820549552938754
      ],
      [
        -0.9583298180408657,
        0.2460610660922159,
        -0.14511344392344555
      ]
    ],
    "fx": 4649.505977743847,
    "fy": 4627.300372546341
  },
  {
    "id": 1501,
    "img_name": "frame1501",
    "width": 4946,
    "height": 3286,
    "position": [
      -1.8711033544658697,
      -0.7411090978461288,
      1.4009447291708468
    ],
    "rotation": [
      [
        -0.19543068195271351,
        -0.15854920287368526,
        0.9678166142506627
      ],
      [
        0.2151261918761432,
        0.9558802673994363,
        0.20003408700831582
      ],
      [
        -0.9568320490662746,
        0.24729550069603096,
        -0.15270024628379997
      ]
    ],
    "fx": 4649.505977743847,
    "fy": 4627.300372546341
  },
  {
    "id": 1502,
    "img_name": "frame1502",
    "width": 4946,
    "height": 3286,
    "position": [
      -1.8852879639451858,
      -0.7489719432764422,
      1.4194426041576023
    ],
    "rotation": [
      [
        -0.20332375345952924,
        -0.15841325548531454,
        0.9662115150243622
      ],
      [
        0.21474185440383586,
        0.9555828691642906,
        0.20185964462206035
      ],
      [
        -0.9552724152022452,
        0.2485289130992352,
        -0.16027473945504467
      ]
    ],
    "fx": 4649.505977743847,
    "fy": 4627.300372546341
  },
  {
    "id": 1503,
    "img_name": "frame1503",
    "width": 4946,
    "height": 3286,
    "position": [
      -1.8994725734245026,
      -0.7568347887067559,
      1.4379404791443584
    ],
    "rotation": [
      [
        -0.2112036292007729,
        -0.15826709175472498,
        0.964543702835659
      ],
      [
        0.21434263114172497,
        0.9552857473152696,
        0.20368204990020547
      ],
      [
        -0.953651017661946,
        0.24976122325895353,
        -0.16783643188690084
      ]
    ],
    "fx": 4649.505977743847,
    "fy": 4627.300372546341
  },
  {
    "id": 1504,
    "img_name": "frame1504",
    "width": 4946,
    "height": 3286,
    "position": [
      -1.9136571829038187,
      -0.7646976341370695,
      1.4564383541311137
    ],
    "rotation": [
      [
        -0.21906979780822444,
        -0.15811072116728017,
        0.9628132859180053
      ],
      [
        0.21392854799759073,
        0.954988921134235,
        0.2055011845769087
      ],
      [
        -0.9519679616667288,
        0.250992351203842,
        -0.175384832859803
      ]
    ],
    "fx": 4649.505977743847,
    "fy": 4627.300372546341
  },
  {
    "id": 1505,
    "img_name": "frame1505",
    "width": 4946,
    "height": 3286,
    "position": [
      -1.927841792383135,
      -0.772560479567383,
      1.47493622911787
    ],
    "rotation": [
      [
        -0.22692174880319205,
        -0.15794415387072266,
        0.9610203765676162
      ],
      [
        0.2134996318435526,
        0.9546924098838607,
        0.20731693059857426
      ],
      [
        -0.9502233564392999,
        0.2522222170392768,
        -0.1829194525167388
      ]
    ],
    "fx": 4649.505977743847,
    "fy": 4627.300372546341
  },
  {
    "id": 1506,
    "img_name": "frame1506",
    "width": 4946,
    "height": 3286,
    "position": [
      -1.9420264018624513,
      -0.7804233249976965,
      1.4934341041046253
    ],
    "rotation": [
      [
        -0.2347589726296439,
        -0.15776740067451495,
        0.9591650911361828
      ],
      [
        0.21305591051432488,
        0.9543962328063835,
        0.20912917013151472
      ],
      [
        -0.9484173151966314,
        0.25345074095253917,
        -0.1904398018950419
      ]
    ],
    "fx": 4649.505977743847,
    "fy": 4627.300372546341
  },
  {
    "id": 1507,
    "img_name": "frame1507",
    "width": 4946,
    "height": 3286,
    "position": [
      -1.9562110113417674,
      -0.7882861704280101,
      1.5119319790913808
    ],
    "rotation": [
      [
        -0.24258096068727547,
        -0.15758047304913833,
        0.9572475500233198
      ],
      [
        0.21259741280541075,
        0.9541004091223522,
        0.21093778556959847
      ],
      [
        -0.9465499551426139,
        0.2546778432179955,
        -0.19794539295812313
      ]
    ],
    "fx": 4649.505977743847,
    "fy": 4627.300372546341
  },
  {
    "id": 1508,
    "img_name": "frame1508",
    "width": 4946,
    "height": 3286,
    "position": [
      -1.9703956208210842,
      -0.7961490158583238,
      1.530429854078137
    ],
    "rotation": [
      [
        -0.2503872053645118,
        -0.15738338312534866,
        0.9552678776687562
      ],
      [
        0.2121241684712336,
        0.9538049580293844,
        0.21274265954188032
      ],
      [
        -0.9446213974604523,
        0.2559034442022702,
        -0.20543573862713888
      ]
    ],
    "fx": 4649.505977743847,
    "fy": 4627.300372546341
  },
  {
    "id": 1509,
    "img_name": "frame1509",
    "width": 4946,
    "height": 3286,
    "position": [
      -1.9845802303004003,
      -0.8040118612886371,
      1.5489277290648924
    ],
    "rotation": [
      [
        -0.25817720007145495,
        -0.15717614369338853,
        0.9532262025442542
      ],
      [
        0.2116362082232057,
        0.953509898700916,
        0.21454367492021992
      ],
      [
        -0.9426317673047986,
        0.2571274643694142,
        -0.2129103528126045
      ]
    ],
    "fx": 4649.505977743847,
    "fy": 4627.300372546341
  },
  {
    "id": 1510,
    "img_name": "frame1510",
    "width": 4946,
    "height": 3286,
    "position": [
      -1.9987648397797164,
      -0.8118747067189506,
      1.5674256040516477
    ],
    "rotation": [
      [
        -0.2659504392727541,
        -0.15695876820215793,
        0.9511226571452761
      ],
      [
        0.21113356372773562,
        0.9532152502849605,
        0.21634071482688197
      ],
      [
        -0.9405811937936327,
        0.2583498242860663,
        -0.2203687504459364
      ]
    ],
    "fx": 4649.505977743847,
    "fy": 4627.300372546341
  },
  {
    "id": 1511,
    "img_name": "frame1511",
    "width": 4946,
    "height": 3286,
    "position": [
      -2.012949449259033,
      -0.8197375521492644,
      1.5859234790384038
    ],
    "rotation": [
      [
        -0.2737064185204174,
        -0.15673127075834087,
        0.9489573779823843
      ],
      [
        0.21061626760417285,
        0.9529210319028647,
        0.21813366264212136
      ],
      [
        -0.9384698099998814,
        0.25957044462660805,
        -0.22781044751093277
      ]
    ],
    "fx": 4649.505977743847,
    "fy": 4627.300372546341
  },
  {
    "id": 1512,
    "img_name": "frame1512",
    "width": 4946,
    "height": 3286,
    "position": [
      -2.027134058738349,
      -0.8276003975795778,
      1.6044213540251593
    ],
    "rotation": [
      [
        -0.28144463448654217,
        -0.15649366612549062,
        0.9467305055723831
      ],
      [
        0.21008435342269152,
        0.9526272626480681,
        0.21992240201175087
      ],
      [
        -0.9362977529427838,
        0.26078924617831156,
        -0.23523496107518044
      ]
    ],
    "fx": 4649.505977743847,
    "fy": 4627.300372546341
  },
  {
    "id": 1513,
    "img_name": "frame1513",
    "width": 4946,
    "height": 3286,
    "position": [
      -2.041318668217665,
      -0.8354632430098913,
      1.6229192290119148
    ],
    "rotation": [
      [
        -0.2891645849959857,
        -0.15624596972307075,
        0.9444421844291989
      ],
      [
        0.20953785570211098,
        0.952333961584864,
        0.22170681685469276
      ],
      [
        -0.9340651635789984,
        0.2620061498464802,
        -0.24264180932140095
      ]
    ],
    "fx": 4649.505977743847,
    "fy": 4627.300372546341
  },
  {
    "id": 1514,
    "img_name": "frame1514",
    "width": 4946,
    "height": 3286,
    "position": [
      -2.0555032776969817,
      -0.8433260884402051,
      1.6414171039986711
    ],
    "rotation": [
      [
        -0.2968657690589486,
        -0.15598819762545518,
        0.942092563054502
      ],
      [
        0.20897680990765644,
        0.9520411477471615,
        0.22348679137051114
      ],
      [
        -0.9317721867934555,
        0.2632210766595811,
        -0.25003051157871264
      ]
    ],
    "fx": 4649.505977743847,
    "fy": 4627.300372546341
  },
  {
    "id": 1515,
    "img_name": "frame1515",
    "width": 4946,
    "height": 3286,
    "position": [
      -2.0696878871762983,
      -0.8511889338705184,
      1.6599149789854264
    ],
    "rotation": [
      [
        -0.30454768690348893,
        -0.1557203665608848,
        0.9396817939280714
      ],
      [
        0.20840125244865723,
        0.9517488401372525,
        0.22526221004692715
      ],
      [
        -0.9294189713899571,
        0.26443394777437057,
        -0.25740058835382623
      ]
    ],
    "fx": 4649.505977743847,
    "fy": 4627.300372546341
  },
  {
    "id": 1516,
    "img_name": "frame1516",
    "width": 4946,
    "height": 3286,
    "position": [
      -2.0838724966556144,
      -0.8590517793008319,
      1.6784128539721819
    ],
    "rotation": [
      [
        -0.31220984000795576,
        -0.15544249391038176,
        0.9372100334978963
      ],
      [
        0.20781122067618377,
        0.9514570577245751,
        0.22703295766731563
      ],
      [
        -0.9270056700815166,
        0.2656446844810105,
        -0.2647515613621631
      ]
    ],
    "fx": 4649.505977743847,
    "fy": 4627.300372546341
  },
  {
    "id": 1517,
    "img_name": "frame1517",
    "width": 4946,
    "height": 3286,
    "position": [
      -2.0980571061349305,
      -0.8669146247311457,
      1.696910728958938
    ],
    "rotation": [
      [
        -0.31985173113334026,
        -0.15515459770662166,
        0.9346774421700258
      ],
      [
        0.20720675288062385,
        0.9511658194444861,
        0.22879891931818166
      ],
      [
        -0.9245324394804509,
        0.266853208208176,
        -0.2720829535588925
      ]
    ],
    "fx": 4649.505977743847,
    "fy": 4627.300372546341
  },
  {
    "id": 1518,
    "img_name": "frame1518",
    "width": 4946,
    "height": 3286,
    "position": [
      -2.1122417156142466,
      -0.8747774701614591,
      1.7154086039456935
    ],
    "rotation": [
      [
        -0.32747286435554324,
        -0.15485669663276333,
        0.9320841842981592
      ],
      [
        0.2065878882891978,
        0.9508751441970295,
        0.2305599803966178
      ],
      [
        -0.9219994400882173,
        0.26805944052815445,
        -0.27939428916988784
      ]
    ],
    "fx": 4649.505977743847,
    "fy": 4627.300372546341
  },
  {
    "id": 1519,
    "img_name": "frame1519",
    "width": 4946,
    "height": 3286,
    "position": [
      -2.1264263250935627,
      -0.8826403155917725,
      1.7339064789324488
    ],
    "rotation": [
      [
        -0.3350727450975595,
        -0.15454881002123622,
        0.9294304281729784
      ],
      [
        0.20595466706341276,
        0.9505850508457114,
        0.23231602661774162
      ],
      [
        -0.9194068362849956,
        0.26926330316193525,
        -0.28668509372260537
      ]
    ],
    "fx": 4649.505977743847,
    "fy": 4627.300372546341
  },
  {
    "id": 1520,
    "img_name": "frame1520",
    "width": 4946,
    "height": 3286,
    "position": [
      -2.1406109345728797,
      -0.8905031610220863,
      1.752404353919205
    ],
    "rotation": [
      [
        -0.34265088016157563,
        -0.15423095785248603,
        0.9267163460112281
      ],
      [
        0.2053071302964562,
        0.9502955582162756,
        0.23406694402211287
      ],
      [
        -0.916754796319022,
        0.2704647179842902,
        -0.29395489407687514
      ]
    ],
    "fx": 4649.505977743847,
    "fy": 4627.300372546341
  },
  {
    "id": 1521,
    "img_name": "frame1521",
    "width": 4946,
    "height": 3286,
    "position": [
      -2.1547955440521958,
      -0.8983660064523996,
      1.7709022289059604
    ],
    "rotation": [
      [
        -0.35020677776097053,
        -0.15390316075367788,
        0.9239421139445403
      ],
      [
        0.20464532001052954,
        0.9500066850954823,
        0.23581261898312705
      ],
      [
        -0.9140434922956708,
        0.271663607028842,
        -0.3012032184556015
      ]
    ],
    "fx": 4649.505977743847,
    "fy": 4627.300372546341
  },
  {
    "id": 1522,
    "img_name": "frame1522",
    "width": 4946,
    "height": 3286,
    "position": [
      -2.168980153531512,
      -0.9062288518827133,
      1.7894001038927156
    ],
    "rotation": [
      [
        -0.3577399475522367,
        -0.15356543999735783,
        0.9211079120080019
      ],
      [
        0.20396927915412089,
        0.9497184502298868,
        0.23755293821439152
      ],
      [
        -0.9112731001662846,
        0.2728598924931257,
        -0.3084295964753847
      ]
    ],
    "fx": 4649.505977743847,
    "fy": 4627.300372546341
  },
  {
    "id": 1523,
    "img_name": "frame1523",
    "width": 4946,
    "height": 3286,
    "position": [
      -2.1831647630108284,
      -0.9140916973130269,
      1.8078979788794718
    ],
    "rotation": [
      [
        -0.36524990066679697,
        -0.15321781750007235,
        0.9182139241284732
      ],
      [
        0.20327905159921766,
        0.949430872324626,
        0.23928778877707577
      ],
      [
        -0.908443799716756,
        0.27405349674363644,
        -0.3156335591770433
      ]
    ],
    "fx": 4649.505977743847,
    "fy": 4627.300372546341
  },
  {
    "id": 1524,
    "img_name": "frame1524",
    "width": 4946,
    "height": 3286,
    "position": [
      -2.1973493724901445,
      -0.9219545427433402,
      1.8263958538662273
    ],
    "rotation": [
      [
        -0.3727361497427319,
        -0.1528603158209459,
        0.9152603381126513
      ],
      [
        0.20257468213845997,
        0.9491439700422026,
        0.2410170580872411
      ],
      [
        -0.9055557745558614,
        0.2752443423208683,
        -0.32281463905604885
      ]
    ],
    "fx": 4649.505977743847,
    "fy": 4627.300372546341
  },
  {
    "id": 1525,
    "img_name": "frame1525",
    "width": 4946,
    "height": 3286,
    "position": [
      -2.2115339819694606,
      -0.9298173881736537,
      1.8448937288529825
    ],
    "rotation": [
      [
        -0.3801982089564054,
        -0.1524929581602173,
        0.9122473456348821
      ],
      [
        0.20185621648223345,
        0.9488577620012741,
        0.24274063392314685
      ],
      [
        -0.902609212103344,
        0.27643235194434046,
        -0.32997237009286257
      ]
    ],
    "fx": 4649.505977743847,
    "fy": 4627.300372546341
  },
  {
    "id": 1526,
    "img_name": "frame1526",
    "width": 4946,
    "height": 3286,
    "position": [
      -2.225718591448777,
      -0.9376802336039675,
      1.8633916038397387
    ],
    "rotation": [
      [
        -0.38763559405399634,
        -0.15211576835773358,
        0.9091751422247211
      ],
      [
        0.20112370125570264,
        0.9485722667754455,
        0.24445840443253317
      ],
      [
        -0.899604303577752,
        0.27761744851761283,
        -0.33710628778318336
      ]
    ],
    "fx": 4649.505977743847,
    "fy": 4627.300372546341
  },
  {
    "id": 1527,
    "img_name": "frame1527",
    "width": 4946,
    "height": 3286,
    "position": [
      -2.2399032009280937,
      -0.9455430790342809,
      1.8818894788264942
    ],
    "rotation": [
      [
        -0.39504782238292024,
        -0.15172877089140333,
        0.9060439272542459
      ],
      [
        0.20037718399578583,
        0.9482875028920631,
        0.24617025813987933
      ],
      [
        -0.89654124398403,
        0.278799555133289,
        -0.3442159291680854
      ]
    ],
    "fx": 4649.505977743847,
    "fy": 4627.300372546341
  },
  {
    "id": 1528,
    "img_name": "frame1528",
    "width": 4946,
    "height": 3286,
    "position": [
      -2.2540878104074102,
      -0.9534059244645947,
      1.9003873538132503
    ],
    "rotation": [
      [
        -0.4024344129231525,
        -0.15133199087560822,
        0.902853903925116
      ],
      [
        0.19961671314806984,
        0.9480034888310116,
        0.24787608395363844
      ],
      [
        -0.8934202321008624,
        0.2799785950780074,
        -0.3513008328640659
      ]
    ],
    "fx": 4649.505977743847,
    "fy": 4627.300372546341
  },
  {
    "id": 1529,
    "img_name": "frame1529",
    "width": 4946,
    "height": 3286,
    "position": [
      -2.268272419886726,
      -0.9612687698949081,
      1.918885228800006
    ],
    "rotation": [
      [
        -0.4097948863184454,
        -0.15092545405957308,
        0.8996052792553878
      ],
      [
        0.19884233806366597,
        0.9477202430235171,
        0.24957577117344656
      ],
      [
        -0.8902414704677756,
        0.2811544918374193,
        -0.3583605390929857
      ]
    ],
    "fx": 4649.505977743847,
    "fy": 4627.300372546341
  },
  {
    "id": 1530,
    "img_name": "frame1530",
    "width": 4946,
    "height": 3286,
    "position": [
      -2.282457029366042,
      -0.9691316153252215,
      1.9373831037867615
    ],
    "rotation": [
      [
        -0.417128764907435,
        -0.15050918682569459,
        0.8962982640660787
      ],
      [
        0.19805410899600756,
        0.9474377838509486,
        0.2512692094973064
      ],
      [
        -0.8870051653719925,
        0.28232716910115446,
        -0.36539458971190697
      ]
    ],
    "fx": 4649.505977743847,
    "fy": 4627.300372546341
  },
  {
    "id": 1531,
    "img_name": "frame1531",
    "width": 4946,
    "height": 3286,
    "position": [
      -2.296641638845359,
      -0.9769944607555353,
      1.9558809787735176
    ],
    "rotation": [
      [
        -0.42443557275464155,
        -0.15008321618782947,
        0.8929330729674854
      ],
      [
        0.19725207709758838,
        0.9471561296436255,
        0.2529562890287462
      ],
      [
        -0.8837115268350448,
        0.2834965507677735,
        -0.372402528242826
      ]
    ],
    "fx": 4649.505977743847,
    "fy": 4627.300372546341
  },
  {
    "id": 1532,
    "img_name": "frame1532",
    "width": 4946,
    "height": 3286,
    "position": [
      -2.310826248324675,
      -0.9848573061858488,
      1.974378853760273
    ],
    "rotation": [
      [
        -0.4317148356813517,
        -0.14964756978954177,
        0.8895099243452589
      ],
      [
        0.19643629441664387,
        0.9468752986796304,
        0.2546369002839507
      ],
      [
        -0.8803607685991475,
        0.2846625609497063,
        -0.3793838999022937
      ]
    ],
    "fx": 4649.505977743847,
    "fy": 4627.300372546341
  },
  {
    "id": 1533,
    "img_name": "frame1533",
    "width": 4946,
    "height": 3286,
    "position": [
      -2.325010857803991,
      -0.9927201516161622,
      1.9928767287470284
    ],
    "rotation": [
      [
        -0.4389660812963936,
        -0.14920227590230797,
        0.8860290403462292
      ],
      [
        0.1956068138937724,
        0.9465953091836192,
        0.2563109341988664
      ],
      [
        -0.8769531081133217,
        0.2858251239781767,
        -0.3863382516309313
      ]
    ],
    "fx": 4649.505977743847,
    "fy": 4627.300372546341
  },
  {
    "id": 1534,
    "img_name": "frame1534",
    "width": 4946,
    "height": 3286,
    "position": [
      -2.339195467283308,
      -1.000582997046476,
      2.0113746037337847
    ],
    "rotation": [
      [
        -0.44618883902679135,
        -0.14874736342368325,
        0.8824906468639919
      ],
      [
        0.19476368935850055,
        0.9463161793256416,
        0.2579782821362794
      ],
      [
        -0.8734887665192894,
        0.28698416440811325,
        -0.3932651321228306
      ]
    ],
    "fx": 4649.505977743847,
    "fy": 4627.300372546341
  },
  {
    "id": 1535,
    "img_name": "frame1535",
    "width": 4946,
    "height": 3286,
    "position": [
      -2.3533800767626243,
      -1.0084458424767895,
      2.0298724787205398
    ],
    "rotation": [
      [
        -0.4533826401483041,
        -0.14828286187542578,
        0.8788949735242471
      ],
      [
        0.19390697552578945,
        0.9460379272199602,
        0.2596388358928656
      ],
      [
        -0.8699679686371184,
        0.2881396070230452,
        -0.40016409185484236
      ]
    ],
    "fx": 4649.505977743847,
    "fy": 4627.300372546341
  },
  {
    "id": 1536,
    "img_name": "frame1536",
    "width": 4946,
    "height": 3286,
    "position": [
      -2.36756468624194,
      -1.0163086879071028,
      2.0483703537072953
    ],
    "rotation": [
      [
        -0.4605470178158444,
        -0.14780880140158048,
        0.875242253669897
      ],
      [
        0.19303672799248361,
        0.9457605709238754,
        0.26129248770621233
      ],
      [
        -0.8663909429506337,
        0.28929137683998357,
        -0.4070346831157494
      ]
    ],
    "fx": 4649.505977743847,
    "fy": 4627.300372546341
  },
  {
    "id": 1537,
    "img_name": "frame1537",
    "width": 4946,
    "height": 3286,
    "position": [
      -2.3817492957212565,
      -1.0241715333374166,
      2.0668682286940516
    ],
    "rotation": [
      [
        -0.4676815070937722,
        -0.14732521276652386,
        0.8715327243459057
      ],
      [
        0.19215300323370413,
        0.9454841284365539,
        0.26293913026181187
      ],
      [
        -0.8627579215925902,
        0.2904393991142877,
        -0.4138764600353172
      ]
    ],
    "fx": 4649.505977743847,
    "fy": 4627.300372546341
  },
  {
    "id": 1538,
    "img_name": "frame1538",
    "width": 4946,
    "height": 3286,
    "position": [
      -2.3959339052005726,
      -1.03203437876773,
      2.0853661036808067
    ],
    "rotation": [
      [
        -0.47478564498606884,
        -0.14683212735296639,
        0.8677666262839134
      ],
      [
        0.19125585859918234,
        0.9452086176978605,
        0.26457865670002534
      ],
      [
        -0.8590691403296085,
        0.29158359934451483,
        -0.4206889786132331
      ]
    ],
    "fx": 4649.505977743847,
    "fy": 4627.300372546341
  },
  {
    "id": 1539,
    "img_name": "frame1539",
    "width": 4946,
    "height": 3286,
    "position": [
      -2.410118514679889,
      -1.0398972241980435,
      2.103863978667562
    ],
    "rotation": [
      [
        -0.48185897046638315,
        -0.14632957715991654,
        0.8639442038866152
      ],
      [
        0.19034535230953883,
        0.9449340565871927,
        0.2662109606230175
      ],
      [
        -0.8553248385468732,
        0.29272390327725595,
        -0.4274717967479176
      ]
    ],
    "fx": 4649.505977743847,
    "fy": 4627.300372546341
  },
  {
    "id": 1540,
    "img_name": "frame1540",
    "width": 4946,
    "height": 3286,
    "position": [
      -2.4243031241592057,
      -1.0477600696283573,
      2.1223618536543185
    ],
    "rotation": [
      [
        -0.48890102450795064,
        -0.14581759480060433,
        0.8600657052119002
      ],
      [
        0.1894215434525053,
        0.9446604629223228,
        0.2678359361016624
      ],
      [
        -0.8515252592326003,
        0.29386023691195434,
        -0.434224474265216
      ]
    ],
    "fx": 4649.505977743847,
    "fy": 4627.300372546341
  },
  {
    "id": 1541,
    "img_name": "frame1541",
    "width": 4946,
    "height": 3286,
    "position": [
      -2.438487733638522,
      -1.0556229150586707,
      2.140859728641074
    ],
    "rotation": [
      [
        -0.4959113501133806,
        -0.14529621350036412,
        0.8561313819567536
      ],
      [
        0.1884844919790893,
        0.9443878544582393,
        0.26945347768241584
      ],
      [
        -0.8476706489622657,
        0.2949925265057069,
        -0.4409465729469627
      ]
    ],
    "fx": 4649.505977743847,
    "fy": 4627.300372546341
  },
  {
    "id": 1542,
    "img_name": "frame1542",
    "width": 4946,
    "height": 3286,
    "position": [
      -2.4526723431178374,
      -1.063485760488984,
      2.1593576036278295
    ],
    "rotation": [
      [
        -0.5028894923443139,
        -0.14476546709447954,
        0.8521414894409236
      ],
      [
        0.1875342586996848,
        0.9441162488859962,
        0.2710634803941609
      ],
      [
        -0.8437612578826064,
        0.2961206985780513,
        -0.44763765655941956
      ]
    ],
    "fx": 4649.505977743847,
    "fy": 4627.300372546341
  },
  {
    "id": 1543,
    "img_name": "frame1543",
    "width": 4946,
    "height": 3286,
    "position": [
      -2.4668569525971544,
      -1.0713486059192978,
      2.177855478614586
    ],
    "rotation": [
      [
        -0.5098349983509469,
        -0.14422539002598658,
        0.8480962865903505
      ],
      [
        0.18657090528012452,
        0.943845663831564,
        0.2726658397550181
      ],
      [
        -0.8397973396953844,
        0.2972446799157328,
        -0.4542972908815863
      ]
    ],
    "fx": 4649.505977743847,
    "fy": 4627.300372546341
  },
  {
    "id": 1544,
    "img_name": "frame1544",
    "width": 4946,
    "height": 3286,
    "position": [
      -2.4810415620764705,
      -1.0792114513496114,
      2.196353353601341
    ],
    "rotation": [
      [
        -0.5167474174014186,
        -0.1436760173434394,
        0.843996035920366
      ],
      [
        0.18559449423767946,
        0.9435761168546863,
        0.2742604517791277
      ],
      [
        -0.8357791516409248,
        0.29836439757745725,
        -0.4609250437333788
      ]
    ],
    "fx": 4649.505977743847,
    "fy": 4627.300372546341
  },
  {
    "id": 1545,
    "img_name": "frame1545",
    "width": 4946,
    "height": 3286,
    "position": [
      -2.4952261715557866,
      -1.0870742967799247,
      2.2148512285880964
    ],
    "rotation": [
      [
        -0.5236263009110631,
        -0.14311738469863503,
        0.8398410035186543
      ],
      [
        0.18460508893700076,
        0.9433076254477408,
        0.2758472129833966
      ],
      [
        -0.8317069544814204,
        0.29947977889862315,
        -0.4675204850036765
      ]
    ],
    "fx": 4649.505977743847,
    "fy": 4627.300372546341
  },
  {
    "id": 1546,
    "img_name": "frame1546",
    "width": 4946,
    "height": 3286,
    "position": [
      -2.491429545110089,
      -1.0883510122560793,
      2.2183559576215326
    ],
    "rotation": [
      [
        -0.5248182309054885,
        -0.142782339462518,
        0.8391537570951131
      ],
      [
        0.18435047347705263,
        0.9433683569398432,
        0.27580980050282417
      ],
      [
        -0.8310118696131965,
        0.29944840400681955,
        -0.4687749202973095
      ]
    ],
    "fx": 4649.505977743847,
    "fy": 4627.300372546341
  },
  {
    "id": 1547,
    "img_name": "frame1547",
    "width": 4946,
    "height": 3286,
    "position": [
      -2.4876329186643913,
      -1.0896277277322337,
      2.2218606866549684
    ],
    "rotation": [
      [
        -0.5260091537435739,
        -0.1424473445764207,
        0.8384647423720903
      ],
      [
        0.18409591891977942,
        0.9434291118962105,
        0.27577201356158243
      ],
      [
        -0.8303150382927262,
        0.2994165407085154,
        -0.4700283739680985
      ]
    ],
    "fx": 4649.505977743847,
    "fy": 4627.300372546341
  },
  {
    "id": 1548,
    "img_name": "frame1548",
    "width": 4946,
    "height": 3286,
    "position": [
      -2.483836292218694,
      -1.0909044432083883,
      2.2253654156884046
    ],
    "rotation": [
      [
        -0.5271990669643287,
        -0.14211240073259537,
        0.8377739607734053
      ],
      [
        0.18384142579120707,
        0.9434898901912956,
        0.27573385223775637
      ],
      [
        -0.8296164619599812,
        0.2993841890695549,
        -0.4712808434258364
      ]
    ],
    "fx": 4649.505977743847,
    "fy": 4627.300372546341
  },
  {
    "id": 1549,
    "img_name": "frame1549",
    "width": 4946,
    "height": 3286,
    "position": [
      -2.4800396657729973,
      -1.092181158684543,
      2.228870144721841
    ],
    "rotation": [
      [
        -0.5283879681088502,
        -0.14177750862318877,
        0.8370814137265274
      ],
      [
        0.18358699461723438,
        0.9435506916995028,
        0.27569531661020485
      ],
      [
        -0.8289161420585389,
        0.2993513491567913,
        -0.4725323260823503
      ]
    ],
    "fx": 4649.505977743847,
    "fy": 4627.300372546341
  },
  {
    "id": 1550,
    "img_name": "frame1550",
    "width": 4946,
    "height": 3286,
    "position": [
      -2.4762430393272994,
      -1.0934578741606973,
      2.2323748737552767
    ],
    "rotation": [
      [
        -0.5295758547203258,
        -0.14144266894024082,
        0.8363871026625753
      ],
      [
        0.1833326259236323,
        0.9436115162951881,
        0.27565640675855996
      ],
      [
        -0.8282140800355795,
        0.2993180210380868,
        -0.4737828193515057
      ]
    ],
    "fx": 4649.505977743847,
    "fy": 4627.300372546341
  },
  {
    "id": 1551,
    "img_name": "frame1551",
    "width": 4946,
    "height": 3286,
    "position": [
      -2.472446412881602,
      -1.094734589636852,
      2.2358796027887125
    ],
    "rotation": [
      [
        -0.5307627243440399,
        -0.14110788237568309,
        0.8356910290163122
      ],
      [
        0.18307832023604267,
        0.9436723638526608,
        0.2756171227632273
      ],
      [
        -0.8275102773418839,
        0.2992842047823127,
        -0.4750323206492132
      ]
    ],
    "fx": 4649.505977743847,
    "fy": 4627.300372546341
  },
  {
    "id": 1552,
    "img_name": "frame1552",
    "width": 4946,
    "height": 3286,
    "position": [
      -2.4686497864359045,
      -1.0960113051130067,
      2.2393843318221487
    ],
    "rotation": [
      [
        -0.5319485745273789,
        -0.1407731496213372,
        0.8349931942261435
      ],
      [
        0.1828240780799768,
        0.9437332342461817,
        0.27557746470538536
      ],
      [
        -0.8268047354318286,
        0.2992499004593485,
        -0.4762808273934336
      ]
    ],
    "fx": 4649.505977743847,
    "fy": 4627.300372546341
  },
  {
    "id": 1553,
    "img_name": "frame1553",
    "width": 4946,
    "height": 3286,
    "position": [
      -2.4648531599902066,
      -1.097288020589161,
      2.2428890608555845
    ],
    "rotation": [
      [
        -0.5331334028198345,
        -0.1404384713689138,
        0.8342935997341144
      ],
      [
        0.1825698999808152,
        0.9437941273499646,
        0.2755374326669859
      ],
      [
        -0.8260974557633857,
        0.29921510814008273,
        -0.4775283370041816
      ]
    ],
    "fx": 4649.505977743847,
    "fy": 4627.300372546341
  },
  {
    "id": 1554,
    "img_name": "frame1554",
    "width": 4946,
    "height": 3286,
    "position": [
      -2.461056533544509,
      -1.0985647360653157,
      2.2463937898890207
    ],
    "rotation": [
      [
        -0.5343172067730113,
        -0.14010384831001094,
        0.8335922469859066
      ],
      [
        0.1823157864638057,
        0.9438550430381769,
        0.2754970267307533
      ],
      [
        -0.8253884397981178,
        0.29917982789641223,
        -0.4787748469035336
      ]
    ],
    "fx": 4649.505977743847,
    "fy": 4627.300372546341
  },
  {
    "id": 1555,
    "img_name": "frame1555",
    "width": 4946,
    "height": 3286,
    "position": [
      -2.4572599070988117,
      -1.09984145154147,
      2.2498985189224565
    ],
    "rotation": [
      [
        -0.5354999839406307,
        -0.1397692811361122,
        0.8328891374308339
      ],
      [
        0.18206173805406256,
        0.9439159811849385,
        0.2754562469801846
      ],
      [
        -0.8246776890011746,
        0.29914405980124187,
        -0.4800203545156318
      ]
    ],
    "fx": 4649.505977743847,
    "fy": 4627.300372546341
  },
  {
    "id": 1556,
    "img_name": "frame1556",
    "width": 4946,
    "height": 3286,
    "position": [
      -2.4534632806531147,
      -1.1011181670176247,
      2.2534032479558928
    ],
    "rotation": [
      [
        -0.5366817318785351,
        -0.13943477053858636,
        0.8321842725218426
      ],
      [
        0.18180775527656604,
        0.9439769416643242,
        0.27541509349954957
      ],
      [
        -0.8239652048412923,
        0.2991078039284852,
        -0.4812648572666889
      ]
    ],
    "fx": 4649.505977743847,
    "fy": 4627.300372546341
  },
  {
    "id": 1557,
    "img_name": "frame1557",
    "width": 4946,
    "height": 3286,
    "position": [
      -2.4496666542074172,
      -1.1023948824937793,
      2.2569079769893285
    ],
    "rotation": [
      [
        -0.5378624481446943,
        -0.13910031720868477,
        0.8314776537155041
      ],
      [
        0.1815538386561602,
        0.9440379243503612,
        0.27537356637389004
      ],
      [
        -0.8232509887907876,
        0.29907106035306313,
        -0.48250835258499464
      ]
    ],
    "fx": 4649.505977743847,
    "fy": 4627.300372546341
  },
  {
    "id": 1558,
    "img_name": "frame1558",
    "width": 4946,
    "height": 3286,
    "position": [
      -2.4458700277617194,
      -1.1036715979699339,
      2.2604127060227643
    ],
    "rotation": [
      [
        -0.5390421302992096,
        -0.13876592183754038,
        0.8307692824720154
      ],
      [
        0.18129998871755254,
        0.9440989291170311,
        0.27533166568901973
      ],
      [
        -0.8225350423255564,
        0.29903382915090465,
        -0.48375083790092
      ]
    ],
    "fx": 4649.505977743847,
    "fy": 4627.300372546341
  },
  {
    "id": 1559,
    "img_name": "frame1559",
    "width": 4946,
    "height": 3286,
    "position": [
      -2.442073401316022,
      -1.1049483134460882,
      2.2639174350562006
    ],
    "rotation": [
      [
        -0.5402207759043199,
        -0.13843158511616693,
        0.8300591602551954
      ],
      [
        0.18104620598531312,
        0.9441599558382715,
        0.27528939153152493
      ],
      [
        -0.8218173669250719,
        0.29899611039894664,
        -0.4849923106469244
      ]
    ],
    "fx": 4649.505977743847,
    "fy": 4627.300372546341
  },
  {
    "id": 1560,
    "img_name": "frame1560",
    "width": 4946,
    "height": 3286,
    "position": [
      -2.4382767748703245,
      -1.1062250289222428,
      2.267422164089637
    ],
    "rotation": [
      [
        -0.5413983825244054,
        -0.13809730773545642,
        0.82934728853248
      ],
      [
        0.18079249098387262,
        0.9442210043879723,
        0.2752467439887631
      ],
      [
        -0.8210979640723781,
        0.29895790417513296,
        -0.4862327682575581
      ]
    ],
    "fx": 4649.505977743847,
    "fy": 4627.300372546341
  },
  {
    "id": 1561,
    "img_name": "frame1561",
    "width": 4946,
    "height": 3286,
    "position": [
      -2.434480148424627,
      -1.1075017443983974,
      2.2709268931230726
    ],
    "rotation": [
      [
        -0.5425749477259939,
        -0.13776309038617837,
        0.8286336687749208
      ],
      [
        0.18053884423752195,
        0.9442820746399797,
        0.2752037231488635
      ],
      [
        -0.8203768352540893,
        0.29891921055841525,
        -0.4874722081694701
      ]
    ],
    "fx": 4649.505977743847,
    "fy": 4627.300372546341
  },
  {
    "id": 1562,
    "img_name": "frame1562",
    "width": 4946,
    "height": 3286,
    "position": [
      -2.4306835219789296,
      -1.1087784598745518,
      2.274431622156509
    ],
    "rotation": [
      [
        -0.5437504690777648,
        -0.13742893375897836,
        0.8279183024571819
      ],
      [
        0.18028526627041114,
        0.9443431664680944,
        0.27516032910072696
      ],
      [
        -0.819653981960387,
        0.29888002962875215,
        -0.4887106278214117
      ]
    ],
    "fx": 4649.505977743847,
    "fy": 4627.300372546341
  },
  {
    "id": 1563,
    "img_name": "frame1563",
    "width": 4946,
    "height": 3286,
    "position": [
      -2.4268868955332326,
      -1.1100551753507066,
      2.2779363511899446
    ],
    "rotation": [
      [
        -0.5449249441505546,
        -0.13709483854437635,
        0.8272011910575363
      ],
      [
        0.1800317576065478,
        0.9444042797460732,
        0.2751165619340253
      ],
      [
        -0.8189294056850154,
        0.2988403614671093,
        -0.48994802465424364
      ]
    ],
    "fx": 4649.505977743847,
    "fy": 4627.300372546341
  },
  {
    "id": 1564,
    "img_name": "frame1564",
    "width": 4946,
    "height": 3286,
    "position": [
      -2.4230902690875347,
      -1.1113318908268612,
      2.281441080223381
    ],
    "rotation": [
      [
        -0.5460983705173621,
        -0.13676080543276553,
        0.8264823360578635
      ],
      [
        0.1797783187697966,
        0.9444654143476279,
        0.2750724217392015
      ],
      [
        -0.8182031079252801,
        0.29880020615545927,
        -0.491184396110939
      ]
    ],
    "fx": 4649.505977743847,
    "fy": 4627.300372546341
  },
  {
    "id": 1565,
    "img_name": "frame1565",
    "width": 4946,
    "height": 3286,
    "position": [
      -2.419293642641837,
      -1.1126086063030156,
      2.2849458092568167
    ],
    "rotation": [
      [
        -0.5472707457533534,
        -0.13642683511441067,
        0.8257617389436459
      ],
      [
        0.17952495028387772,
        0.9445265701464267,
        0.2750279086074692
      ],
      [
        -0.8174750901820432,
        0.29875956377678115,
        -0.4924197396365905
      ]
    ],
    "fx": 4649.505977743847,
    "fy": 4627.300372546341
  },
  {
    "id": 1566,
    "img_name": "frame1566",
    "width": 4946,
    "height": 3286,
    "position": [
      -2.4154970161961398,
      -1.1138853217791702,
      2.288450538290253
    ],
    "rotation": [
      [
        -0.5484420674358661,
        -0.13609292827944688,
        0.8250394012039659
      ],
      [
        0.17927165267236614,
        0.9445877470160942,
        0.27498302263081303
      ],
      [
        -0.816745353959722,
        0.2987184344150609,
        -0.4936540526784152
      ]
    ],
    "fx": 4649.505977743847,
    "fy": 4627.300372546341
  },
  {
    "id": 1567,
    "img_name": "frame1567",
    "width": 4946,
    "height": 3286,
    "position": [
      -2.4117003897504423,
      -1.1151620372553248,
      2.2919552673236887
    ],
    "rotation": [
      [
        -0.5496123331444152,
        -0.1357590856178778,
        0.8243153243315023
      ],
      [
        0.17901842645869004,
        0.94464894483021,
        0.27493776390198765
      ],
      [
        -0.816013900766284,
        0.2986768181552901,
        -0.49488733268575874
      ]
    ],
    "fx": 4649.505977743847,
    "fy": 4627.300372546341
  },
  {
    "id": 1568,
    "img_name": "frame1568",
    "width": 4946,
    "height": 3286,
    "position": [
      -2.407903763304745,
      -1.1164387527314794,
      2.295459996357125
    ],
    "rotation": [
      [
        -0.5507815404606984,
        -0.13542530781957485,
