[
  {
    "id": 0,
    "img_name": "frame0000",
    "width": 3118,
    "height": 2078,
    "position": [
      -3.7212285514226,
      1.9830705231664232,
      -0.29418564508802614
    ],
    "rotation": [
      [
        0.4569205337553072,
        -0.23930622827978043,
        0.8567124108703404
      ],
      [
        0.6392684058425381,
        0.7580520782954389,
        -0.12920120697387533
      ],
      [
        -0.6185139700316441,
        0.606703861614933,
        0.4993504712896775
      ]
    ],
    "fx": 3222.7010797592447,
    "fy": 3222.7010797592447
  },
  {
    "id": 1,
    "img_name": "frame0001",
    "width": 3118,
    "height": 2078,
    "position": [
      -3.715602336790995,
      1.9862276833803594,
      -0.29970067540253903
    ],
    "rotation": [
      [
        0.4586142302662962,
        -0.23923801406087777,
        0.8558260106034754
      ],
      [
        0.638513023275612,
        0.7585310911553024,
        -0.13012187693921565
      ],
      [
        -0.6180405382373317,
        0.6061317978616151,
        0.5006297401437072
      ]
    ],
    "fx": 3222.7010797592447,
    "fy": 3222.7010797592447
  },
  {
    "id": 2,
    "img_name": "frame0002",
    "width": 3118,
    "height": 2078,
    "position": [
      -3.70997612215939,
      1.9893848435942953,
      -0.3052157057170519
    ],
    "rotation": [
      [
        0.4603062943212629,
        -0.23916837288489443,
        0.8549366086557642
      ],
      [
        0.6377556678286078,
        0.7590098479227549,
        -0.13104105810303565
      ],
      [
        -0.6175644286717894,
        0.6055596916637276,
        0.5019079958233559
      ]
    ],
    "fx": 3222.7010797592447,
    "fy": 3222.7010797592447
  },
  {
    "id": 3,
    "img_name": "frame0003",
    "width": 3118,
    "height": 2078,
    "position": [
      -3.704349907527785,
      1.9925420038082318,
      -0.31073073603156487
    ],
    "rotation": [
      [
        0.46199671957955324,
        -0.23909730501279566,
        0.8540442083600532
      ],
      [
        0.6369963423395556,
        0.7594883468037562,
        -0.13195874702089766
      ],
      [
        -0.6170856431191376,
        0.6049875451651181,
        0.5031852335386293
      ]
    ],
    "fx": 3222.7010797592447,
    "fy": 3222.7010797592447
  },
  {
    "id": 4,
    "img_name": "frame0004",
    "width": 3118,
    "height": 2078,
    "position": [
      -3.6987236928961797,
      1.995699164022168,
      -0.31624576634607776
    ],
    "rotation": [
      [
        0.463685499706654,
        -0.23902481071089393,
        0.853148813060425
      ],
      [
        0.636235049653868,
        0.7599665860052323,
        -0.13287494025395516
      ],
      [
        -0.6166041833735243,
        0.6044153605097851,
        0.504461448503348
      ]
    ],
    "fx": 3222.7010797592447,
    "fy": 3222.7010797592447
  },
  {
    "id": 5,
    "img_name": "frame0005",
    "width": 3118,
    "height": 2078,
    "position": [
      -3.693097478264575,
      1.998856324236104,
      -0.32176079666059065
    ],
    "rotation": [
      [
        0.46537262837421717,
        -0.23895089025084615,
        0.8522504261121852
      ],
      [
        0.6354717926243294,
        0.7604445637350824,
        -0.1337896343689668
      ],
      [
        -0.6161200512391188,
        0.6038431398418704,
        0.5057366359351647
      ]
    ],
    "fx": 3222.7010797592447,
    "fy": 3222.7010797592447
  },
  {
    "id": 6,
    "img_name": "frame0006",
    "width": 3118,
    "height": 2078,
    "position": [
      -3.6874712636329696,
      2.00201348445004,
      -0.32727582697510355
    ],
    "rotation": [
      [
        0.4670580992600829,
        -0.23887554390965343,
        0.8513490508818493
      ],
      [
        0.6347065741110842,
        0.7609222782021855,
        -0.13470282593830898
      ],
      [
        -0.6156332485301041,
        0.6032708853056502,
        0.5070107910555828
      ]
    ],
    "fx": 3222.7010797592447,
    "fy": 3222.7010797592447
  },
  {
    "id": 7,
    "img_name": "frame0007",
    "width": 3118,
    "height": 2078,
    "position": [
      -3.6818450490013643,
      2.005170644663976,
      -0.33279085728961644
    ],
    "rotation": [
      [
        0.46874190604830407,
        -0.23879877196966054,
        0.8504446907471319
      ],
      [
        0.6339393969816285,
        0.7613997276164075,
        -0.1356145115399885
      ],
      [
        -0.6151437770706716,
        0.6026985990455282,
        0.5082839090899745
      ]
    ],
    "fx": 3222.7010797592447,
    "fy": 3222.7010797592447
  },
  {
    "id": 8,
    "img_name": "frame0008",
    "width": 3118,
    "height": 2078,
    "position": [
      -3.6762188343697595,
      2.0083278048779123,
      -0.3383058876041293
    ],
    "rotation": [
      [
        0.4704240424291687,
        -0.23872057471855448,
        0.8495373490969323
      ],
      [
        0.6331702641107971,
        0.7618769101886069,
        -0.1365246877576552
      ],
      [
        -0.6146516386950119,
        0.6021262832060272,
        0.5095559852675975
      ]
    ],
    "fx": 3222.7010797592447,
    "fy": 3222.7010797592447
  },
  {
    "id": 9,
    "img_name": "frame0009",
    "width": 3118,
    "height": 2078,
    "position": [
      -3.670592619738154,
      2.0114849650918485,
      -0.3438209179186422
    ],
    "rotation": [
      [
        0.4721045020992243,
        -0.23864095244936245,
        0.8486270293313224
      ],
      [
        0.6323991783807533,
        0.7623538241306422,
        -0.13743335118061517
      ],
      [
        -0.6141568352473105,
        0.6015539399317797,
        0.5108270148216136
      ]
    ],
    "fx": 3222.7010797592447,
    "fy": 3222.7010797592447
  },
  {
    "id": 10,
    "img_name": "frame0010",
    "width": 3118,
    "height": 2078,
    "position": [
      -3.6649664051065494,
      2.0146421253057847,
      -0.34933594823315517
    ],
    "rotation": [
      [
        0.4737832787613021,
        -0.23855990546045272,
        0.8477137348615336
      ],
      [
        0.6316261426809789,
        0.7628304676553789,
        -0.13834049840384338
      ],
      [
        -0.6136593685817386,
        0.600981571367522,
        0.5120969929891075
      ]
    ],
    "fx": 3222.7010797592447,
    "fy": 3222.7010797592447
  },
  {
    "id": 11,
    "img_name": "frame0011",
    "width": 3118,
    "height": 2078,
    "position": [
      -3.6593401904749445,
      2.017799285519721,
      -0.354850978547668
    ],
    "rotation": [
      [
        0.4754603661245399,
        -0.23847743405553115,
        0.8467974691099451
      ],
      [
        0.6308511599082623,
        0.7633068389766959,
        -0.13924612602799682
      ],
      [
        -0.6131592405624486,
        0.6004091796580849,
        0.513365915011103
      ]
    ],
    "fx": 3222.7010797592447,
    "fy": 3222.7010797592447
  },
  {
    "id": 12,
    "img_name": "frame0012",
    "width": 3118,
    "height": 2078,
    "position": [
      -3.6537139758433392,
      2.020956445733657,
      -0.3603660088621809
    ],
    "rotation": [
      [
        0.4771357579044052,
        -0.23839353854364237,
        0.8458782355100704
      ],
      [
        0.6300742329666886,
        0.7637829363094916,
        -0.14015023065942608
      ],
      [
        -0.6126564530635649,
        0.599836766948386,
        0.5146337761325814
      ]
    ],
    "fx": 3222.7010797592447,
    "fy": 3222.7010797592447
  },
  {
    "id": 13,
    "img_name": "frame0013",
    "width": 3118,
    "height": 2078,
    "position": [
      -3.6480877612117344,
      2.0241136059475933,
      -0.3658810391766938
    ],
    "rotation": [
      [
        0.47880944782272056,
        -0.23830821923916726,
        0.8449560375065431
      ],
      [
        0.629295364767628,
        0.7642587578696916,
        -0.14105280891018956
      ],
      [
        -0.6121510079691773,
        0.5992643353834212,
        0.5159005716025009
      ]
    ],
    "fx": 3222.7010797592447,
    "fy": 3222.7010797592447
  },
  {
    "id": 14,
    "img_name": "frame0014",
    "width": 3118,
    "height": 2078,
    "position": [
      -3.642461546580129,
      2.0272707661615295,
      -0.37139606949120674
    ],
    "rotation": [
      [
        0.4804814296076846,
        -0.23822147646182174,
        0.8440308785551068
      ],
      [
        0.6285145582297251,
        0.7647343018742545,
        -0.1419538573980651
      ],
      [
        -0.6116429071733352,
        0.5986918871082574,
        0.5171662966738111
      ]
    ],
    "fx": 3222.7010797592447,
    "fy": 3222.7010797592447
  },
  {
    "id": 15,
    "img_name": "frame0015",
    "width": 3118,
    "height": 2078,
    "position": [
      -3.6368353319485243,
      2.0304279263754657,
      -0.37691109980571963
    ],
    "rotation": [
      [
        0.4821516969938973,
        -0.23813331053665626,
        0.8431027621226002
      ],
      [
        0.6277318162788883,
        0.7652095665411794,
        -0.14285337274656285
      ],
      [
        -0.61113215258004,
        0.5981194242680242,
        0.518430946603474
      ]
    ],
    "fx": 3222.7010797592447,
    "fy": 3222.7010797592447
  },
  {
    "id": 16,
    "img_name": "frame0016",
    "width": 3118,
    "height": 2078,
    "position": [
      -3.631209117316919,
      2.0335850865894014,
      -0.3824261301202325
    ],
    "rotation": [
      [
        0.48382024372238314,
        -0.23804372179405403,
        0.8421716916869438
      ],
      [
        0.6269471418482784,
        0.7656845500895118,
        -0.14375135158493857
      ],
      [
        -0.6106187461032363,
        0.5975469490079058,
        0.5196945166524798
      ]
    ],
    "fx": 3222.7010797592447,
    "fy": 3222.7010797592447
  },
  {
    "id": 17,
    "img_name": "frame0017",
    "width": 3118,
    "height": 2078,
    "position": [
      -3.6255829026853137,
      2.0367422468033376,
      -0.3879411604347454
    ],
    "rotation": [
      [
        0.4854870635406147,
        -0.2379527105697301,
        0.8412376707371287
      ],
      [
        0.6261605378782975,
        0.7661592507393513,
        -0.1446477905482054
      ],
      [
        -0.6101026896668074,
        0.5969744634731327,
        0.5209570020858661
      ]
    ],
    "fx": 3222.7010797592447,
    "fy": 3222.7010797592447
  },
  {
    "id": 18,
    "img_name": "frame0018",
    "width": 3118,
    "height": 2078,
    "position": [
      -3.619956688053709,
      2.039899407017274,
      -0.3934561907492583
    ],
    "rotation": [
      [
        0.48715215020253483,
        -0.23786027720472966,
        0.8403007027732017
      ],
      [
        0.6253720073165786,
        0.7666336667118562,
        -0.14554268627714692
      ],
      [
        -0.6095839852045659,
        0.5964019698089738,
        0.5222183981727337
      ]
    ],
    "fx": 3222.7010797592447,
    "fy": 3222.7010797592447
  },
  {
    "id": 19,
    "img_name": "frame0019",
    "width": 3118,
    "height": 2078,
    "position": [
      -3.6143304734221036,
      2.04305656723121,
      -0.3989712210637712
    ],
    "rotation": [
      [
        0.48881549746858177,
        -0.23776642204542744,
        0.8393607913062529
      ],
      [
        0.6245815531179741,
        0.7671077962292532,
        -0.14643603541832956
      ],
      [
        -0.6090626346602479,
        0.5958294701607287,
        0.5234787001862665
      ]
    ],
    "fx": 3222.7010797592447,
    "fy": 3222.7010797592447
  },
  {
    "id": 20,
    "img_name": "frame0020",
    "width": 3118,
    "height": 2078,
    "position": [
      -3.6087042587904987,
      2.046213727445146,
      -0.40448625137828415
    ],
    "rotation": [
      [
        0.49047709910571147,
        -0.23767114544352605,
        0.8384179398584031
      ],
      [
        0.6237891782445452,
        0.7675816375148411,
        -0.14732783462411553
      ],
      [
        -0.6085386399875046,
        0.5952569666737197,
        0.5247379034037477
      ]
    ],
    "fx": 3222.7010797592447,
    "fy": 3222.7010797592447
  },
  {
    "id": 21,
    "img_name": "frame0021",
    "width": 3118,
    "height": 2078,
    "position": [
      -3.6030780441588934,
      2.0493708876590824,
      -0.41000128169279704
    ],
    "rotation": [
      [
        0.49213694888742177,
        -0.23757444775605413,
        0.8374721519627892
      ],
      [
        0.622994885665549,
        0.7680551887929997,
        -0.1482180805526748
      ],
      [
        -0.6080120031498957,
        0.5946844614932826,
        0.5259960031065785
      ]
    ],
    "fx": 3222.7010797592447,
    "fy": 3222.7010797592447
  },
  {
    "id": 22,
    "img_name": "frame0022",
    "width": 3118,
    "height": 2078,
    "position": [
      -3.5974518295272886,
      2.0525280478730186,
      -0.4155163120073099
    ],
    "rotation": [
      [
        0.4937950405937744,
        -0.23747632934536625,
        0.836523431163553
      ],
      [
        0.6221986783574307,
        0.7685284482891952,
        -0.14910676986799817
      ],
      [
        -0.6074827261208824,
        0.5941119567647606,
        0.5272529945802944
      ]
    ],
    "fx": 3222.7010797592447,
    "fy": 3222.7010797592447
  },
  {
    "id": 23,
    "img_name": "frame0023",
    "width": 3118,
    "height": 2078,
    "position": [
      -3.5918256148956837,
      2.0556852080869548,
      -0.4210313423218228
    ],
    "rotation": [
      [
        0.4954513680114201,
        -0.2373767905791404,
        0.8355717810158259
      ],
      [
        0.6214005593038094,
        0.7690014142299875,
        -0.14999389923990938
      ],
      [
        -0.6069508108838189,
        0.5935394546334947,
        0.528508873114585
      ]
    ],
    "fx": 3222.7010797592447,
    "fy": 3222.7010797592447
  },
  {
    "id": 24,
    "img_name": "frame0024",
    "width": 3118,
    "height": 2078,
    "position": [
      -3.5861994002640785,
      2.058842368300891,
      -0.42654637263633566
    ],
    "rotation": [
      [
        0.49710592493362005,
        -0.23727583183037718,
        0.8346172050857166
      ],
      [
        0.6206005314954686,
        0.7694740848430358,
        -0.1508794653440779
      ],
      [
        -0.6064162594319453,
        0.592966957244816,
        0.5297636340033095
      ]
    ],
    "fx": 3222.7010797592447,
    "fy": 3222.7010797592447
  },
  {
    "id": 25,
    "img_name": "frame0025",
    "width": 3118,
    "height": 2078,
    "position": [
      -3.5805731856324736,
      2.0619995285148267,
      -0.4320614029508486
    ],
    "rotation": [
      [
        0.4987587051602699,
        -0.23717345347739824,
        0.8336597069502972
      ],
      [
        0.6197985979303436,
        0.7699464583571065,
        -0.15176346486203066
      ],
      [
        -0.6058790737683809,
        0.592394466744038,
        0.531017272544515
      ]
    ],
    "fx": 3222.7010797592447,
    "fy": 3222.7010797592447
  },
  {
    "id": 26,
    "img_name": "frame0026",
    "width": 3118,
    "height": 2078,
    "position": [
      -3.5749469710008683,
      2.0651566887287633,
      -0.43757643326536155
    ],
    "rotation": [
      [
        0.500409702497924,
        -0.23706965590384493,
        0.8326992901975909
      ],
      [
        0.6189947616135121,
        0.7704185330020794,
        -0.15264589448116578
      ],
      [
        -0.6053392559061161,
        0.5918219852764481,
        0.5322697840404556
      ]
    ],
    "fx": 3222.7010797592447,
    "fy": 3222.7010797592447
  },
  {
    "id": 27,
    "img_name": "frame0027",
    "width": 3118,
    "height": 2078,
    "position": [
      -3.5693207563692635,
      2.0683138489426995,
      -0.4430914635798744
    ],
    "rotation": [
      [
        0.502058910759817,
        -0.2369644394986768,
        0.8317359584265576
      ],
      [
        0.6181890255571818,
        0.770890307008954,
        -0.15352675089476386
      ],
      [
        -0.6047968078680048,
        0.5912495149873012,
        0.5335211637976071
      ]
    ],
    "fx": 3222.7010797592447,
    "fy": 3222.7010797592447
  },
  {
    "id": 28,
    "img_name": "frame0028",
    "width": 3118,
    "height": 2078,
    "position": [
      -3.5636945417376586,
      2.0714710091566353,
      -0.4486064938943873
    ],
    "rotation": [
      [
        0.5037063237658882,
        -0.23685780465617037,
        0.8307697152470797
      ],
      [
        0.6173813927806787,
        0.7713617786098564,
        -0.15440603080200085
      ],
      [
        -0.6042517316867564,
        0.5906770580218081,
        0.534771407126688
      ]
    ],
    "fx": 3222.7010797592447,
    "fy": 3222.7010797592447
  },
  {
    "id": 29,
    "img_name": "frame0029",
    "width": 3118,
    "height": 2078,
    "position": [
      -3.558068327106053,
      2.0746281693705715,
      -0.4541215242089002
    ],
    "rotation": [
      [
        0.5053519353428033,
        -0.23674975177591703,
        0.8298005642799509
      ],
      [
        0.6165718663104368,
        0.771832946038046,
        -0.15528373090796008
      ],
      [
        -0.6037040294049296,
        0.5901046165251316,
        0.5360205093426739
      ]
    ],
    "fx": 3222.7010797592447,
    "fy": 3222.7010797592447
  },
  {
    "id": 30,
    "img_name": "frame0030",
    "width": 3118,
    "height": 2078,
    "position": [
      -3.552442112474448,
      2.0777853295845077,
      -0.4596365545234131
    ],
    "rotation": [
      [
        0.5069957393239798,
        -0.23664028126282222,
        0.8288285091568602
      ],
      [
        0.6157604491799862,
        0.772303807527922,
        -0.15615984792364532
      ],
      [
        -0.6031537030749233,
        0.5895321926423753,
        0.537268465764817
      ]
    ],
    "fx": 3222.7010797592447,
    "fy": 3222.7010797592447
  },
  {
    "id": 31,
    "img_name": "frame0031",
    "width": 3118,
    "height": 2078,
    "position": [
      -3.546815897842843,
      2.080942489798444,
      -0.465151584837926
    ],
    "rotation": [
      [
        0.5086377295496077,
        -0.23652939352710364,
        0.8278535535203801
      ],
      [
        0.6149471444299418,
        0.7727743613150304,
        -0.15703437856599228
      ],
      [
        -0.6026007547589702,
        0.5889597885185776,
        0.5385152717166635
      ]
    ],
    "fx": 3222.7010797592447,
    "fy": 3222.7010797592447
  },
  {
    "id": 32,
    "img_name": "frame0032",
    "width": 3118,
    "height": 2078,
    "position": [
      -3.541189683211238,
      2.08409965001238,
      -0.4706666151524389
    ],
    "rotation": [
      [
        0.5102778998666743,
        -0.23641708898429006,
        0.8268757010239511
      ],
      [
        0.6141319551079925,
        0.7732446056360691,
        -0.15790731955788137
      ],
      [
        -0.602045186529127,
        0.5883874062987025,
        0.5397609225260703
      ]
    ],
    "fx": 3222.7010797592447,
    "fy": 3222.7010797592447
  },
  {
    "id": 33,
    "img_name": "frame0033",
    "width": 3118,
    "height": 2078,
    "position": [
      -3.5355634685796327,
      2.087256810226316,
      -0.4761816454669518
    ],
    "rotation": [
      [
        0.5119162441289865,
        -0.23630336805521882,
        0.8258949553318704
      ],
      [
        0.6133148842688881,
        0.7737145387288973,
        -0.15877866762814993
      ],
      [
        -0.6014870004672692,
        0.5878150481276316,
        0.5410054135252232
      ]
    ],
    "fx": 3222.7010797592447,
    "fy": 3222.7010797592447
  },
  {
    "id": 34,
    "img_name": "frame0034",
    "width": 3118,
    "height": 2078,
    "position": [
      -3.529937253948028,
      2.0904139704402525,
      -0.4816966757814647
    ],
    "rotation": [
      [
        0.5135527561971938,
        -0.2361882311660352,
        0.8249113201192751
      ],
      [
        0.6124959349744299,
        0.774184158832539,
        -0.15964841951160427
      ],
      [
        -0.6009261986650812,
        0.5872427161501569,
        0.5422487400506539
      ]
    ],
    "fx": 3222.7010797592447,
    "fy": 3222.7010797592447
  },
  {
    "id": 35,
    "img_name": "frame0035",
    "width": 3118,
    "height": 2078,
    "position": [
      -3.524311039316423,
      2.0935711306541887,
      -0.4872117060959775
    ],
    "rotation": [
      [
        0.5151874299388112,
        -0.23607167874819054,
        0.8239247990721323
      ],
      [
        0.6116751102934582,
        0.7746534641871918,
        -0.16051657194903232
      ],
      [
        -0.6003627832240506,
        0.5866704125109722,
        0.5434908974432575
      ]
    ],
    "fx": 3222.7010797592447,
    "fy": 3222.7010797592447
  },
  {
    "id": 36,
    "img_name": "frame0036",
    "width": 3118,
    "height": 2078,
    "position": [
      -3.5186848246848177,
      2.0967282908681244,
      -0.49272673641049053
    ],
    "rotation": [
      [
        0.5168202592282432,
        -0.23595371123844075,
        0.8229353958872216
      ],
      [
        0.610852413301841,
        0.7751224530342327,
        -0.16138312168721544
      ],
      [
        -0.5997967562554571,
        0.586098139354665,
        0.5447318810483112
      ]
    ],
    "fx": 3222.7010797592447,
    "fy": 3222.7010797592447
  },
  {
    "id": 37,
    "img_name": "frame0037",
    "width": 3118,
    "height": 2078,
    "position": [
      -3.513058610053213,
      2.0998854510820606,
      -0.4982417667250034
    ],
    "rotation": [
      [
        0.5184512379468056,
        -0.2358343290788438,
        0.8219431142721233
      ],
      [
        0.6100278470824618,
        0.7755911236162248,
        -0.16224806547894083
      ],
      [
        -0.5992281198803687,
        0.5855258988257084,
        0.5459716862154895
      ]
    ],
    "fx": 3222.7010797592447,
    "fy": 3222.7010797592447
  },
  {
    "id": 38,
    "img_name": "frame0038",
    "width": 3118,
    "height": 2078,
    "position": [
      -3.5074323954216076,
      2.103042611295997,
      -0.5037567970395163
    ],
    "rotation": [
      [
        0.5200803599827484,
        -0.2357135327167595,
        0.8209479579452038
      ],
      [
        0.6092014147252094,
        0.7760594741769233,
        -0.16311140008301353
      ],
      [
        -0.5986568762296299,
        0.5849536930684536,
        0.5472103082988835
      ]
    ],
    "fx": 3222.7010797592447,
    "fy": 3222.7010797592447
  },
  {
    "id": 39,
    "img_name": "frame0039",
    "width": 3118,
    "height": 2078,
    "position": [
      -3.5018061807900023,
      2.106199771509933,
      -0.5092718273540292
    ],
    "rotation": [
      [
        0.52170761923128,
        -0.23559132260484664,
        0.8199499306356024
      ],
      [
        0.6083731193269647,
        0.7765275029612836,
        -0.1639731222642688
      ],
      [
        -0.5980830274438567,
        0.5843815242271209,
        0.5484477426570176
      ]
    ],
    "fx": 3222.7010797592447,
    "fy": 3222.7010797592447
  },
  {
    "id": 40,
    "img_name": "frame0040",
    "width": 3118,
    "height": 2078,
    "position": [
      -3.4961799661583974,
      2.109356931723869,
      -0.5147868576685422
    ],
    "rotation": [
      [
        0.5233330095945884,
        -0.235467699201062,
        0.8189490360832161
      ],
      [
        0.6075429639915906,
        0.7769952082154657,
        -0.16483322879358414
      ],
      [
        -0.5975065756734259,
        0.5838093944457929,
        0.5496839846528669
      ]
    ],
    "fx": 3222.7010797592447,
    "fy": 3222.7010797592447
  },
  {
    "id": 41,
    "img_name": "frame0041",
    "width": 3118,
    "height": 2078,
    "position": [
      -3.490553751526792,
      2.1125140919378054,
      -0.520301887983055
    ],
    "rotation": [
      [
        0.5249565249818652,
        -0.23534266296865816,
        0.8179452780386869
      ],
      [
        0.6067109518299197,
        0.7774625881868429,
        -0.16569171644789119
      ],
      [
        -0.5969275230784699,
        0.5832373058684056,
        0.5509190296538745
      ]
    ],
    "fx": 3222.7010797592447,
    "fy": 3222.7010797592447
  },
  {
    "id": 42,
    "img_name": "frame0042",
    "width": 3118,
    "height": 2078,
    "position": [
      -3.4849275368951873,
      2.115671252151741,
      -0.5258169182975678
    ],
    "rotation": [
      [
        0.526578159309328,
        -0.23521621437618234,
        0.8169386602633871
      ],
      [
        0.6058770859597427,
        0.777929641124007,
        -0.16654858201018793
      ],
      [
        -0.5963458718288662,
        0.5826652606387406,
        0.5521528730319692
      ]
    ],
    "fx": 3222.7010797592447,
    "fy": 3222.7010797592447
  },
  {
    "id": 43,
    "img_name": "frame0043",
    "width": 3118,
    "height": 2078,
    "position": [
      -3.479301322263582,
      2.1188284123656773,
      -0.5313319486120808
    ],
    "rotation": [
      [
        0.528197906500244,
        -0.23508835389747393,
        0.8159291865294046
      ],
      [
        0.6050413695057961,
        0.7783963652767756,
        -0.16740382226955133
      ],
      [
        -0.5957616241042306,
        0.582093260900417,
        0.5533855101635828
      ]
    ],
    "fx": 3222.7010797592447,
    "fy": 3222.7010797592447
  },
  {
    "id": 44,
    "img_name": "frame0044",
    "width": 3118,
    "height": 2078,
    "position": [
      -3.473675107631977,
      2.121985572579614,
      -0.5368469789265937
    ],
    "rotation": [
      [
        0.5298157604849505,
        -0.23495908201166302,
        0.8149168606195301
      ],
      [
        0.6042038055997517,
        0.7788627588961977,
        -0.1682574340211482
      ],
      [
        -0.5951747820939084,
        0.5815213087968835,
        0.5546169364296665
      ]
    ],
    "fx": 3222.7010797592447,
    "fy": 3222.7010797592447
  },
  {
    "id": 45,
    "img_name": "frame0045",
    "width": 3118,
    "height": 2078,
    "position": [
      -3.4680488930003723,
      2.1251427327935497,
      -0.5423620092411066
    ],
    "rotation": [
      [
        0.5314317152008803,
        -0.234828399203169,
        0.8139016863272418
      ],
      [
        0.6033643973802042,
        0.7793288202345616,
        -0.16910941406624808
      ],
      [
        -0.5945853479969666,
        0.5809494064714102,
        0.5558471472157096
      ]
    ],
    "fx": 3222.7010797592447,
    "fy": 3222.7010797592447
  },
  {
    "id": 46,
    "img_name": "frame0046",
    "width": 3118,
    "height": 2078,
    "position": [
      -3.4624226783687666,
      2.128299893007486,
      -0.5478770395556195
    ],
    "rotation": [
      [
        0.5330457645925835,
        -0.2346963059616981,
        0.8128836674566917
      ],
      [
        0.6025231479926588,
        0.7797945475454003,
        -0.1699597592122351
      ],
      [
        -0.5939933240221853,
        0.5803775560670807,
        0.5570761379117561
      ]
    ],
    "fx": 3222.7010797592447,
    "fy": 3222.7010797592447
  },
  {
    "id": 47,
    "img_name": "frame0047",
    "width": 3118,
    "height": 2078,
    "position": [
      -3.4567964637371618,
      2.131457053221422,
      -0.5533920698701325
    ],
    "rotation": [
      [
        0.5346579026117492,
        -0.2345628027822419,
        0.8118628078226914
      ],
      [
        0.601680060589521,
        0.7802599390834991,
        -0.17080846627261967
      ],
      [
        -0.5933987123880501,
        0.579805759726784,
        0.558303903912422
      ]
    ],
    "fx": 3222.7010797592447,
    "fy": 3222.7010797592447
  },
  {
    "id": 48,
    "img_name": "frame0048",
    "width": 3118,
    "height": 2078,
    "position": [
      -3.4511702491055565,
      2.1346142134353583,
      -0.5589071001846453
    ],
    "rotation": [
      [
        0.5362681232172295,
        -0.23442789016507565,
        0.8108391112506981
      ],
      [
        0.6008351383300834,
        0.780724993104901,
        -0.1716555320670507
      ],
      [
        -0.5928015153227431,
        0.5792340195932071,
        0.5595304406169124
      ]
    ],
    "fx": 3222.7010797592447,
    "fy": 3222.7010797592447
  },
  {
    "id": 49,
    "img_name": "frame0049",
    "width": 3118,
    "height": 2078,
    "position": [
      -3.4455440344739516,
      2.1377713736492945,
      -0.5644221304991581
    ],
    "rotation": [
      [
        0.5378764203750613,
        -0.23429156861575576,
        0.8098125815767986
      ],
      [
        0.5999883843805142,
        0.7811897078669134,
        -0.17250095342132732
      ],
      [
        -0.5922017350641341,
        0.5786623378088254,
        0.5607557434290389
      ]
    ],
    "fx": 3222.7010797592447,
    "fy": 3222.7010797592447
  },
  {
    "id": 50,
    "img_name": "frame0050",
    "width": 3118,
    "height": 2078,
    "position": [
      -3.439917819842347,
      2.1409285338632307,
      -0.5699371608136711
    ],
    "rotation": [
      [
        0.5394827880584896,
        -0.23415383864511874,
        0.8087832226476973
      ],
      [
        0.5991398019138459,
        0.7816540816281161,
        -0.17334472716741078
      ],
      [
        -0.5915993738597739,
        0.5780907165158962,
        0.5619798077572373
      ]
    ],
    "fx": 3222.7010797592447,
    "fy": 3222.7010797592447
  },
  {
    "id": 51,
    "img_name": "frame0051",
    "width": 3118,
    "height": 2078,
    "position": [
      -3.4342916052107415,
      2.144085694077167,
      -0.575452191128184
    ],
    "rotation": [
      [
        0.5410872202479896,
        -0.23401470076927866,
        0.8077510383207
      ],
      [
        0.5982893941099625,
        0.7821181126483661,
        -0.1741868501434367
      ],
      [
        -0.5909944339668842,
        0.5775191578564499,
        0.5632026290145842
      ]
    ],
    "fx": 3222.7010797592447,
    "fy": 3222.7010797592447
  },
  {
    "id": 52,
    "img_name": "frame0052",
    "width": 3118,
    "height": 2078,
    "position": [
      -3.428665390579136,
      2.147242854291103,
      -0.5809672214426969
    ],
    "rotation": [
      [
        0.5426897109312887,
        -0.23387415550962548,
        0.8067160324637003
      ],
      [
        0.5974371641555887,
        0.7825817991888041,
        -0.17502731919372624
      ],
      [
        -0.5903869176523499,
        0.5769476639722825,
        0.5644242026188138
      ]
    ],
    "fx": 3222.7010797592447,
    "fy": 3222.7010797592447
  },
  {
    "id": 53,
    "img_name": "frame0053",
    "width": 3118,
    "height": 2078,
    "position": [
      -3.423039175947531,
      2.150400014505039,
      -0.5864822517572098
    ],
    "rotation": [
      [
        0.5442902541033906,
        -0.23373220339282288,
        0.8056782089551651
      ],
      [
        0.5965831152442768,
        0.7830451395118632,
        -0.1758661311687983
      ],
      [
        -0.5897768271927109,
        0.5763762370049472,
        0.5656445239923361
      ]
    ],
    "fx": 3222.7010797592447,
    "fy": 3222.7010797592447
  },
  {
    "id": 54,
    "img_name": "frame0054",
    "width": 3118,
    "height": 2078,
    "position": [
      -3.417412961315926,
      2.153557174718975,
      -0.5919972820717226
    ],
    "rotation": [
      [
        0.5458888437665966,
        -0.23358884495080648,
        0.8046375716841198
      ],
      [
        0.5957272505763953,
        0.7835081318812727,
        -0.17670328292538207
      ],
      [
        -0.5891641648741525,
        0.5758048790957463,
        0.5668635885622537
      ]
    ],
    "fx": 3222.7010797592447,
    "fy": 3222.7010797592447
  },
  {
    "id": 55,
    "img_name": "frame0055",
    "width": 3118,
    "height": 2078,
    "position": [
      -3.411786746684321,
      2.1567143349329116,
      -0.5975123123862356
    ],
    "rotation": [
      [
        0.5474854739305278,
        -0.23344408072078204,
        0.8035941245501327
      ],
      [
        0.5948695733591168,
        0.7839707745620655,
        -0.1775387713264268
      ],
      [
        -0.5885489329924977,
        0.5752335923857228,
        0.5680813917603783
      ]
    ],
    "fx": 3222.7010797592447,
    "fy": 3222.7010797592447
  },
  {
    "id": 56,
    "img_name": "frame0056",
    "width": 3118,
    "height": 2078,
    "position": [
      -3.406160532052716,
      2.1598714951468474,
      -0.6030273427007484
    ],
    "rotation": [
      [
        0.5490801386121492,
        -0.23329791124522298,
        0.8025478714633035
      ],
      [
        0.5940100868064067,
        0.7844330658205865,
        -0.1783725932411159
      ],
      [
        -0.5879311338531991,
        0.5746623790156542,
        0.569297929023249
      ]
    ],
    "fx": 3222.7010797592447,
    "fy": 3222.7010797592447
  },
  {
    "id": 57,
    "img_name": "frame0057",
    "width": 3118,
    "height": 2078,
    "position": [
      -3.400534317421111,
      2.1630286553607836,
      -0.6085423730152614
    ],
    "rotation": [
      [
        0.5506728318357901,
        -0.23315033707186872,
        0.8014988163442451
      ],
      [
        0.5931487941390097,
        0.7848950039244962,
        -0.17920474554487703
      ],
      [
        -0.5873107697713287,
        0.5740912411260422,
        0.5705131957921484
      ]
    ],
    "fx": 3222.7010797592447,
    "fy": 3222.7010797592447
  },
  {
    "id": 58,
    "img_name": "frame0058",
    "width": 3118,
    "height": 2078,
    "position": [
      -3.394908102789506,
      2.16618581557472,
      -0.6140574033297743
    ],
    "rotation": [
      [
        0.5522635476331677,
        -0.23300135875372238,
        0.8004469631240707
      ],
      [
        0.5922856985844389,
        0.7853565871427785,
        -0.18003522511939457
      ],
      [
        -0.5866878430715703,
        0.5735201808571055,
        0.5717271875131197
      ]
    ],
    "fx": 3222.7010797592447,
    "fy": 3222.7010797592447
  },
  {
    "id": 59,
    "img_name": "frame0059",
    "width": 3118,
    "height": 2078,
    "position": [
      -3.389281888157901,
      2.169342975788656,
      -0.6195724336442872
    ],
    "rotation": [
      [
        0.553852280043409,
        -0.23285097684904885,
        0.7993923157443792
      ],
      [
        0.5914208033769635,
        0.7858178137457471,
        -0.18086402885262085
      ],
      [
        -0.5860623560882106,
        0.5729492003487728,
        0.5729398996369841
      ]
    ],
    "fx": 3222.7010797592447,
    "fy": 3222.7010797592447
  },
  {
    "id": 60,
    "img_name": "frame0060",
    "width": 3118,
    "height": 2078,
    "position": [
      -3.3836556735262953,
      2.172500136002592,
      -0.6250874639588001
    ],
    "rotation": [
      [
        0.555439023113074,
        -0.23269919192137273,
        0.7983348781572392
      ],
      [
        0.5905541117575959,
        0.7862786820050528,
        -0.18169115363878854
      ],
      [
        -0.5854343111651303,
        0.5723783017406732,
        0.5741513276193586
      ]
    ],
    "fx": 3222.7010797592447,
    "fy": 3222.7010797592447
  },
  {
    "id": 61,
    "img_name": "frame0061",
    "width": 3118,
    "height": 2078,
    "position": [
      -3.3780294588946904,
      2.1756572962165284,
      -0.6306024942733129
    ],
    "rotation": [
      [
        0.5570237708961769,
        -0.232546004539476,
        0.7972746543251765
      ],
      [
        0.5896856269740811,
        0.7867391901936889,
        -0.1825165963784214
      ],
      [
        -0.5848037106557964,
        0.5718074871721291,
        0.5753614669206715
      ]
    ],
    "fx": 3222.7010797592447,
    "fy": 3222.7010797592447
  },
  {
    "id": 62,
    "img_name": "frame0062",
    "width": 3118,
    "height": 2078,
    "position": [
      -3.3724032442630856,
      2.178814456430464,
      -0.6361175245878259
    ],
    "rotation": [
      [
        0.5586065174542081,
        -0.23239141527739615,
        0.7962116482211562
      ],
      [
        0.5888153522808828,
        0.7871993365859974,
        -0.18334035397834642
      ],
      [
        -0.584170556923251,
        0.5712367587821483,
        0.57657031300618
      ]
    ],
    "fx": 3222.7010797592447,
    "fy": 3222.7010797592447
  },
  {
    "id": 63,
    "img_name": "frame0063",
    "width": 3118,
    "height": 2078,
    "position": [
      -3.3667770296314803,
      2.1819716166444003,
      -0.6416325549023387
    ],
    "rotation": [
      [
        0.560187256856159,
        -0.23223542471442413,
        0.7951458638285701
      ],
      [
        0.5879432909391723,
        0.7876591194576771,
        -0.18416242335170532
      ],
      [
        -0.5835348523401046,
        0.570666118709415,
        0.5777778613459886
      ]
    ],
    "fx": 3222.7010797592447,
    "fy": 3222.7010797592447
  },
  {
    "id": 64,
    "img_name": "frame0064",
    "width": 3118,
    "height": 2078,
    "position": [
      -3.3611508149998754,
      2.1851287768583365,
      -0.6471475852168517
    ],
    "rotation": [
      [
        0.5617659831785403,
        -0.23207803343510153,
        0.7940773051412212
      ],
      [
        0.5870694462168162,
        0.7881185370857879,
        -0.184982801417966
      ],
      [
        -0.5828965992885266,
        0.5700955690922828,
        0.5789841074150632
      ]
    ],
    "fx": 3222.7010797592447,
    "fy": 3222.7010797592447
  },
  {
    "id": 65,
    "img_name": "frame0065",
    "width": 3118,
    "height": 2078,
    "position": [
      -3.35552460036827,
      2.1882859370722727,
      -0.6526626155313646
    ],
    "rotation": [
      [
        0.5633426905054074,
        -0.23191924202921918,
        0.7930059761633084
      ],
      [
        0.5861938213883637,
        0.7885775877487589,
        -0.18580148510293432
      ],
      [
        -0.5822558001602356,
        0.5695251120687668,
        0.5801890466932506
      ]
    ],
    "fx": 3222.7010797592447,
    "fy": 3222.7010797592447
  },
  {
    "id": 66,
    "img_name": "frame0066",
    "width": 3118,
    "height": 2078,
    "position": [
      -3.3498983857366653,
      2.191443097286209,
      -0.6581776458458775
    ],
    "rotation": [
      [
        0.5649173729283817,
        -0.23175905109181427,
        0.791931880909411
      ],
      [
        0.5853164197350343,
        0.7890362697263945,
        -0.1866184713387655
      ],
      [
        -0.5816124573564917,
        0.5689547497765339,
        0.5813926746652944
      ]
    ],
    "fx": 3222.7010797592447,
    "fy": 3222.7010797592447
  },
  {
    "id": 67,
    "img_name": "frame0067",
    "width": 3118,
    "height": 2078,
    "position": [
      -3.3442721711050605,
      2.194600257500145,
      -0.6636926761603904
    ],
    "rotation": [
      [
        0.5664900245466722,
        -0.23159746122316907,
        0.7908550234044757
      ],
      [
        0.5844372445447067,
        0.7894945812998806,
        -0.18743375706397544
      ],
      [
        -0.5809665732880868,
        0.5683844843528976,
        0.5825949868208524
      ]
    ],
    "fx": 3222.7010797592447,
    "fy": 3222.7010797592447
  },
  {
    "id": 68,
    "img_name": "frame0068",
    "width": 3118,
    "height": 2078,
    "position": [
      -3.338645956473455,
      2.1977574177140813,
      -0.6692077064749032
    ],
    "rotation": [
      [
        0.5680606394670972,
        -0.23143447302880704,
        0.7897754076837993
      ],
      [
        0.5835562991119043,
        0.7899525207517908,
        -0.18824733922345238
      ],
      [
        -0.5803181503753356,
        0.5678143179348072,
