[
  {
    "id": 1500,
    "img_name": "frame1500",
    "width": 3118,
    "height": 2078,
    "position": [
      0.9539969471628411,
      -1.7682350549823065,
      3.961284269498676
    ],
    "rotation": [
      [
        -0.9988591464851961,
        -0.002293100856319511,
        -0.047698502820611735
      ],
      [
        -0.04145271488440909,
        0.5375323051196093,
        0.8422236599511504
      ],
      [
        0.023708182376071075,
        0.8432400385662803,
        -0.5370141147559913
      ]
    ],
    "fx": 3222.7010797592447,
    "fy": 3222.7010797592447
  },
  {
    "id": 1501,
    "img_name": "frame1501",
    "width": 3118,
    "height": 2078,
    "position": [
      0.9465772951871398,
      -1.768074702800703,
      3.960493291497925
    ],
    "rotation": [
      [
        -0.9989482982516549,
        -0.002878457219475189,
        -0.0457603748253755
      ],
      [
        -0.0401304861169164,
        0.5376228410996298,
        0.8422299120857574
      ],
      [
        0.02217749995250115,
        0.8431805235013426,
        -0.5371729361051794
      ]
    ],
    "fx": 3222.7010797592447,
    "fy": 3222.7010797592447
  },
  {
    "id": 1502,
    "img_name": "frame1502",
    "width": 3118,
    "height": 2078,
    "position": [
      0.9391576432114388,
      -1.7679143506190995,
      3.959702313497174
    ],
    "rotation": [
      [
        -0.9990333507505821,
        -0.0034636013021568587,
        -0.04382199851768991
      ],
      [
        -0.038808300422835305,
        0.5377141441788266,
        0.8422335869391123
      ],
      [
        0.020646547080702883,
        0.8431200997580665,
        -0.5373287796848335
      ]
    ],
    "fx": 3222.7010797592447,
    "fy": 3222.7010797592447
  },
  {
    "id": 1503,
    "img_name": "frame1503",
    "width": 3118,
    "height": 2078,
    "position": [
      0.9317379912357375,
      -1.767753998437496,
      3.958911335496423
    ],
    "rotation": [
      [
        -0.9991143036317657,
        -0.004048530694972359,
        -0.04188338187902289
      ],
      [
        -0.0374861632464042,
        0.5378062139812495,
        0.8422346844960843
      ],
      [
        0.01911533006453541,
        0.8430587675852536,
        -0.5374816448532523
      ]
    ],
    "fx": 3222.7010797592447,
    "fy": 3222.7010797592447
  },
  {
    "id": 1504,
    "img_name": "frame1504",
    "width": 3118,
    "height": 2078,
    "position": [
      0.9243183392600365,
      -1.7675936462558923,
      3.9581203574956723
    ],
    "rotation": [
      [
        -0.9991911565618736,
        -0.004633242989413505,
        -0.039944532891831974
      ],
      [
        -0.036164080031661716,
        0.5378990501277918,
        0.8422332047521537
      ],
      [
        0.017583855208945565,
        0.8429965272354452,
        -0.5376315309809967
      ]
    ],
    "fx": 3222.7010797592447,
    "fy": 3222.7010797592447
  },
  {
    "id": 1505,
    "img_name": "frame1505",
    "width": 3118,
    "height": 2078,
    "position": [
      0.9168986872843352,
      -1.767433294074289,
      3.9573293794949214
    ],
    "rotation": [
      [
        -0.999263909224456,
        -0.005217735777866031,
        -0.03800545953953138
      ],
      [
        -0.03484205622242427,
        0.5379926522361906,
        0.8422291477134136
      ],
      [
        0.016052128819941825,
        0.8429333789649227,
        -0.5377784374508952
      ]
    ],
    "fx": 3222.7010797592447,
    "fy": 3222.7010797592447
  },
  {
    "id": 1506,
    "img_name": "frame1506",
    "width": 3118,
    "height": 2078,
    "position": [
      0.9094790353086342,
      -1.7672729418926854,
      3.9565384014941705
    ],
    "rotation": [
      [
        -0.9993325613199457,
        -0.00580200665361952,
        -0.03606616980645925
      ],
      [
        -0.033520097262263696,
        0.5380870199210295,
        0.8422225133965693
      ],
      [
        0.014520157204568417,
        0.8428693230337057,
        -0.5379223636580446
      ]
    ],
    "fx": 3222.7010797592447,
    "fy": 3222.7010797592447
  },
  {
    "id": 1507,
    "img_name": "frame1507",
    "width": 3118,
    "height": 2078,
    "position": [
      0.9020593833329329,
      -1.7671125897110818,
      3.9557474234934196
    ],
    "rotation": [
      [
        -0.9993971125656611,
        -0.006386053210877327,
        -0.034126671677844556
      ],
      [
        -0.032198208594484745,
        0.5381821527937396,
        0.8422133018289383
      ],
      [
        0.01298794667087924,
        0.8428043597055511,
        -0.5380633090098141
      ]
    ],
    "fx": 3222.7010797592447,
    "fy": 3222.7010797592447
  },
  {
    "id": 1508,
    "img_name": "frame1508",
    "width": 3118,
    "height": 2078,
    "position": [
      0.8946397313572318,
      -1.7669522375294784,
      3.9549564454926687
    ],
    "rotation": [
      [
        -0.9994575626958051,
        -0.006969873044766418,
        -0.03218697313977443
      ],
      [
        -0.030876395662102752,
        0.5382780504626012,
        0.8422015130484501
      ],
      [
        0.011455503527912005,
        0.8427384892479524,
        -0.5382012729258459
      ]
    ],
    "fx": 3222.7010797592447,
    "fy": 3222.7010797592447
  },
  {
    "id": 1509,
    "img_name": "frame1509",
    "width": 3118,
    "height": 2078,
    "position": [
      0.8872200793815306,
      -1.766791885347875,
      3.9541654674919173
    ],
    "rotation": [
      [
        -0.9995139114614684,
        -0.007553463751347375,
        -0.030247082179161288
      ],
      [
        -0.029554663907821292,
        0.538374712532746,
        0.8421871471036464
      ],
      [
        0.009922834085662243,
        0.8426717119321381,
        -0.5383362548380595
      ]
    ],
    "fx": 3222.7010797592447,
    "fy": 3222.7010797592447
  },
  {
    "id": 1510,
    "img_name": "frame1510",
    "width": 3118,
    "height": 2078,
    "position": [
      0.8798004274058295,
      -1.7666315331662714,
      3.9533744894911664
    ],
    "rotation": [
      [
        -0.999566158630629,
        -0.008136822927624184,
        -0.02830700678370978
      ],
      [
        -0.028233018774009588,
        0.5384721386061575,
        0.8421702040536806
      ],
      [
        0.008389944655057284,
        0.8426040280330708,
        -0.5384682541906527
      ]
    ],
    "fx": 3222.7010797592447,
    "fy": 3222.7010797592447
  },
  {
    "id": 1511,
    "img_name": "frame1511",
    "width": 3118,
    "height": 2078,
    "position": [
      0.8723807754301283,
      -1.7664711809846678,
      3.952583511490416
    ],
    "rotation": [
      [
        -0.9996143039881533,
        -0.008719948171554193,
        -0.02636675494188397
      ],
      [
        -0.02691146570268018,
        0.5385703282816734,
        0.842150683968317
      ],
      [
        0.006856841547930242,
        0.8425354378294458,
        -0.5385972704401041
      ]
    ],
    "fx": 3222.7010797592447,
    "fy": 3222.7010797592447
  },
  {
    "id": 1512,
    "img_name": "frame1512",
    "width": 3118,
    "height": 2078,
    "position": [
      0.8649611234544272,
      -1.7663108288030644,
      3.951792533489665
    ],
    "rotation": [
      [
        -0.9996583473357978,
        -0.009302837082058008,
        -0.02442633464287449
      ],
      [
        -0.02559001013546658,
        0.5386692811549876,
        0.842128586927932
      ],
      [
        0.0053235310769941,
        0.8424659416036908,
        -0.5387233030551757
      ]
    ],
    "fx": 3222.7010797592447,
    "fy": 3222.7010797592447
  },
  {
    "id": 1513,
    "img_name": "frame1513",
    "width": 3118,
    "height": 2078,
    "position": [
      0.857541471478726,
      -1.7661504766214609,
      3.9510015554889137
    ],
    "rotation": [
      [
        -0.9996982884922102,
        -0.00988548725902934,
        -0.022485753876565675
      ],
      [
        -0.024268657513600835,
        0.5387689968186516,
        0.8421039130235125
      ],
      [
        0.0037900195558157115,
        0.8423955396419639,
        -0.5388463515169154
      ]
    ],
    "fx": 3222.7010797592447,
    "fy": 3222.7010797592447
  },
  {
    "id": 1514,
    "img_name": "frame1514",
    "width": 3118,
    "height": 2078,
    "position": [
      0.8501218195030247,
      -1.7659901244398573,
      3.9502105774881624
    ],
    "rotation": [
      [
        -0.9997341272929278,
        -0.010467896303344949,
        -0.02054502063350247
      ],
      [
        -0.022947413277891036,
        0.5388694748620754,
        0.8420766623566558
      ],
      [
        0.0022563132987896903,
        0.8423242322341522,
        -0.5389664153186581
      ]
    ],
    "fx": 3222.7010797592447,
    "fy": 3222.7010797592447
  },
  {
    "id": 1515,
    "img_name": "frame1515",
    "width": 3118,
    "height": 2078,
    "position": [
      0.8427021675273236,
      -1.7658297722582539,
      3.9494195994874115
    ],
    "rotation": [
      [
        -0.9997658635903806,
        -0.011050061816874419,
        -0.01860414290485783
      ],
      [
        -0.021626282868699085,
        0.5389707148715299,
        0.8420468350395691
      ],
      [
        0.0007224186211126308,
        0.8422520196738714,
        -0.5390834939660281
      ]
    ],
    "fx": 3222.7010797592447,
    "fy": 3222.7010797592447
  },
  {
    "id": 1516,
    "img_name": "frame1516",
    "width": 3118,
    "height": 2078,
    "position": [
      0.8352825155516224,
      -1.76566942007665,
      3.9486286214866606
    ],
    "rotation": [
      [
        -0.999793497253891,
        -0.01163198140249017,
        -0.0166631286823994
      ],
      [
        -0.020305271725918023,
        0.5390727164301489,
        0.84201443119507
      ],
      [
        -0.0008116581612432235,
        0.8421789022584648,
        -0.5391975869769418
      ]
    ],
    "fx": 3222.7010797592447,
    "fy": 3222.7010797592447
  },
  {
    "id": 1517,
    "img_name": "frame1517",
    "width": 3118,
    "height": 2078,
    "position": [
      0.8278628635759213,
      -1.7655090678950467,
      3.9478376434859097
    ],
    "rotation": [
      [
        -0.999817028169675,
        -0.012213652664077207,
        -0.0147219859584571
      ],
      [
        -0.018984385288949985,
        0.5391754791179304,
        0.8419794509565843
      ],
      [
        -0.0023459107315555987,
        0.8421048802890005,
        -0.5393086938816101
      ]
    ],
    "fx": 3222.7010797592447,
    "fy": 3222.7010797592447
  },
  {
    "id": 1518,
    "img_name": "frame1518",
    "width": 3118,
    "height": 2078,
    "position": [
      0.82044321160022,
      -1.7653487157134433,
      3.947046665485159
    ],
    "rotation": [
      [
        -0.9998364562408408,
        -0.01279507320654303,
        -0.01278072272588985
      ],
      [
        -0.017663628996683497,
        0.5392790025117378,
        0.8419418944681472
      ],
      [
        -0.003880332772378492,
        0.842029954070272,
        -0.5394168142225373
      ]
    ],
    "fx": 3222.7010797592447,
    "fy": 3222.7010797592447
  },
  {
    "id": 1519,
    "img_name": "frame1519",
    "width": 3118,
    "height": 2078,
    "position": [
      0.813023559624519,
      -1.7651883635318395,
      3.946255687484408
    ],
    "rotation": [
      [
        -0.9998517813873926,
        -0.01337624063582756,
        -0.010839346978052795
      ],
      [
        -0.01634300828747127,
        0.5393832861853034,
        0.8419017618844014
      ],
      [
        -0.0054149179655680925,
        0.8419541239107959,
        -0.5395219475545276
      ]
    ],
    "fx": 3222.7010797592447,
    "fy": 3222.7010797592447
  },
  {
    "id": 1520,
    "img_name": "frame1520",
    "width": 3118,
    "height": 2078,
    "position": [
      0.8056039076488177,
      -1.7650280113502361,
      3.945464709483657
    ],
    "rotation": [
      [
        -0.9998630035462261,
        -0.013957152558912885,
        -0.008897866708764243
      ],
      [
        -0.015022528599107594,
        0.5394883297092277,
        0.8418590533705964
      ],
      [
        -0.006949659992308832,
        0.8418773901228106,
        -0.5396240934446834
      ]
    ],
    "fx": 3222.7010797592447,
    "fy": 3222.7010797592447
  },
  {
    "id": 1521,
    "img_name": "frame1521",
    "width": 3118,
    "height": 2078,
    "position": [
      0.7981842556731167,
      -1.7648676591686328,
      3.944673731482906
    ],
    "rotation": [
      [
        -0.9998701226711336,
        -0.014537806583833171,
        -0.006956289912273204
      ],
      [
        -0.013702195368806349,
        0.5395941326509831,
        0.84181376910259
      ],
      [
        -0.008484552533139206,
        0.8417997530222758,
        -0.5397232514724079
      ]
    ],
    "fx": 3222.7010797592447,
    "fy": 3222.7010797592447
  },
  {
    "id": 1522,
    "img_name": "frame1522",
    "width": 3118,
    "height": 2078,
    "position": [
      0.7907646036974154,
      -1.7647073069870292,
      3.943882753482155
    ],
    "rotation": [
      [
        -0.999873138732801,
        -0.015118200319684524,
        -0.005014624583225909
      ],
      [
        -0.012382014033178186,
        0.5397006945749148,
        0.8417659092668441
      ],
      [
        -0.010019589267978073,
        0.8417212129288703,
        -0.5398194212294076
      ]
    ],
    "fx": 3222.7010797592447,
    "fy": 3222.7010797592447
  },
  {
    "id": 1523,
    "img_name": "frame1523",
    "width": 3118,
    "height": 2078,
    "position": [
      0.783344951721714,
      -1.7645469548054256,
      3.9430917754814034
    ],
    "rotation": [
      [
        -0.9998720517188098,
        -0.015698331376634813,
        -0.0030728787166330197
      ],
      [
        -0.011061990028208213,
        0.5398080150422431,
        0.841715474060427
      ],
      [
        -0.01155476387615062,
        0.841641770165991,
        -0.5399126023196934
      ]
    ],
    "fx": 3222.7010797592447,
    "fy": 3222.7010797592447
  },
  {
    "id": 1524,
    "img_name": "frame1524",
    "width": 3118,
    "height": 2078,
    "position": [
      0.7759252997460131,
      -1.764386602623822,
      3.9423007974806525
    ],
    "rotation": [
      [
        -0.9998668616336357,
        -0.01627819736593353,
        -0.0011310603078371487
      ],
      [
        -0.009742128789233988,
        0.5399160936110645,
        0.841662463691011
      ],
      [
        -0.01309007003641418,
        0.8415614250607524,
        -0.5400027943595829
      ]
    ],
    "fx": 3222.7010797592447,
    "fy": 3222.7010797592447
  },
  {
    "id": 1525,
    "img_name": "frame1525",
    "width": 3118,
    "height": 2078,
    "position": [
      0.7685056477703117,
      -1.7642262504422186,
      3.9415098194799016
    ],
    "rotation": [
      [
        -0.9998575684986493,
        -0.01685779589992153,
        0.0008108226475205867
      ],
      [
        -0.008422435750922663,
        0.540024929836354,
        0.8416068783768718
      ],
      [
        -0.014625501426984417,
        0.8414801779439831,
        -0.5400899969776998
      ]
    ],
    "fx": 3222.7010797592447,
    "fy": 3222.7010797592447
  },
  {
    "id": 1526,
    "img_name": "frame1526",
    "width": 3118,
    "height": 2078,
    "position": [
      0.7610859957946107,
      -1.764065898260615,
      3.9407188414791507
    ],
    "rotation": [
      [
        -0.9998441723521163,
        -0.01743712459204109,
        0.0027527621535333975
      ],
      [
        -0.007102916347248803,
        0.5401345232699677,
        0.8415487183468877
      ],
      [
        -0.016161051725561544,
        0.8413980291502274,
        -0.5401742098149793
      ]
    ],
    "fx": 3222.7010797592447,
    "fy": 3222.7010797592447
  },
  {
    "id": 1527,
    "img_name": "frame1527",
    "width": 3118,
    "height": 2078,
    "position": [
      0.7536663438189094,
      -1.7639055460790114,
      3.9399278634784
    ],
    "rotation": [
      [
        -0.9998266732491963,
        -0.01801618105684545,
        0.004694750214061388
      ],
      [
        -0.005783576011472133,
        0.5402448734606424,
        0.8414879838405387
      ],
      [
        -0.017696714609355894,
        0.841314979017741,
        -0.5402554325246656
      ]
    ],
    "fx": 3222.7010797592447,
    "fy": 3222.7010797592447
  },
  {
    "id": 1528,
    "img_name": "frame1528",
    "width": 3118,
    "height": 2078,
    "position": [
      0.7462466918432084,
      -1.763745193897408,
      3.939136885477649
    ],
    "rotation": [
      [
        -0.9998050712619435,
        -0.018594962910008846,
        0.006636778832764896
      ],
      [
        -0.004464420176114964,
        0.5403559799539996,
        0.8414246751079051
      ],
      [
        -0.019232483755114375,
        0.8412310278884916,
        -0.5403336647723156
      ]
    ],
    "fx": 3222.7010797592447,
    "fy": 3222.7010797592447
  },
  {
    "id": 1529,
    "img_name": "frame1529",
    "width": 3118,
    "height": 2078,
    "position": [
      0.7388270398675071,
      -1.7635848417158044,
      3.938345907476898
    ],
    "rotation": [
      [
        -0.9997793664793075,
        -0.01917346776833624,
        0.008578840013137256
      ],
      [
        -0.003145454272939904,
        0.5404678422925473,
        0.8413587924096682
      ],
      [
        -0.020768352839146333,
        0.8411461761081571,
        -0.5404089062358004
      ]
    ],
    "fx": 3222.7010797592447,
    "fy": 3222.7010797592447
  },
  {
    "id": 1530,
    "img_name": "frame1530",
    "width": 3118,
    "height": 2078,
    "position": [
      0.731407387891806,
      -1.7634244895342008,
      3.937554929476147
    ],
    "rotation": [
      [
        -0.9997495590071298,
        -0.01975169324977317,
        0.010520925758537648
      ],
      [
        -0.0018266837329275545,
        0.5405804600156802,
        0.8412903360171063
      ],
      [
        -0.02230431553734958,
        0.8410604240261236,
        -0.5404811566053048
      ]
    ],
    "fx": 3222.7010797592447,
    "fy": 3222.7010797592447
  },
  {
    "id": 1531,
    "img_name": "frame1531",
    "width": 3118,
    "height": 2078,
    "position": [
      0.7239877359161048,
      -1.7632641373525975,
      3.936763951475396
    ],
    "rotation": [
      [
        -0.9997156489681456,
        -0.020329636973415485,
        0.012463028072224209
      ],
      [
        -0.0005081139862539788,
        0.5406938326596828,
        0.8412193062120961
      ],
      [
        -0.023840365525236475,
        0.840973771995484,
        -0.5405504155833303
      ]
    ],
    "fx": 3222.7010797592447,
    "fy": 3222.7010797592447
  },
  {
    "id": 1532,
    "img_name": "frame1532",
    "width": 3118,
    "height": 2078,
    "position": [
      0.7165680839404036,
      -1.7631037851709939,
      3.9359729734746454
    ],
    "rotation": [
      [
        -0.9996776365019829,
        -0.020907296559519242,
        0.014405138957386734
      ],
      [
        0.000810249537731407,
        0.5408079597577319,
        0.8411457032871096
      ],
      [
        -0.025376496477959917,
        0.8408862203730371,
        -0.5406166828846962
      ]
    ],
    "fx": 3222.7010797592447,
    "fy": 3222.7010797592447
  },
  {
    "id": 1533,
    "img_name": "frame1533",
    "width": 3118,
    "height": 2078,
    "position": [
      0.7091484319647023,
      -1.7629434329893905,
      3.9351819954738945
    ],
    "rotation": [
      [
        -0.9996355217651628,
        -0.021484669629510462,
        0.016347250417179764
      ],
      [
        0.002128401410528398,
        0.5409228408398966,
        0.8410695275452155
      ],
      [
        -0.02691270207033946,
        0.8407977695192864,
        -0.5406799582365399
      ]
    ],
    "fx": 3222.7010797592447,
    "fy": 3222.7010797592447
  },
  {
    "id": 1534,
    "img_name": "frame1534",
    "width": 3118,
    "height": 2078,
    "position": [
      0.7017287799890013,
      -1.762783080807787,
      3.9343910174731436
    ],
    "rotation": [
      [
        -0.9995893049310963,
        -0.022061753805994934,
        0.018289354454755526
      ],
      [
        0.003446336204508302,
        0.5410384754331422,
        0.8409907793000748
      ],
      [
        -0.028448975976887343,
        0.8407084197984371,
        -0.5407402413783179
      ]
    ],
    "fx": 3222.7010797592447,
    "fy": 3222.7010797592447
  },
  {
    "id": 1535,
    "img_name": "frame1535",
    "width": 3118,
    "height": 2078,
    "position": [
      0.6943091280133,
      -1.7626227286261833,
      3.9336000394723922
    ],
    "rotation": [
      [
        -0.9995389861900865,
        -0.022638546712767958,
        0.02023144307329677
      ],
      [
        0.004764048492936259,
        0.541154863061331,
        0.8409094588759418
      ],
      [
        -0.029985311871834456,
        0.8406181715783962,
        -0.5407975320618086
      ]
    ],
    "fx": 3222.7010797592447,
    "fy": 3222.7010797592447
  },
  {
    "id": 1536,
    "img_name": "frame1536",
    "width": 3118,
    "height": 2078,
    "position": [
      0.686889476037599,
      -1.76246237644458,
      3.9328090614716413
    ],
    "rotation": [
      [
        -0.9994845657493261,
        -0.023215045974824204,
        0.022173508276049757
      ],
      [
        0.006081532849993606,
        0.5412720032452252,
        0.840825566607662
      ],
      [
        -0.031521703429156514,
        0.8405270252307703,
        -0.5408518300511116
      ]
    ],
    "fx": 3222.7010797592447,
    "fy": 3222.7010797592447
  },
  {
    "id": 1537,
    "img_name": "frame1537",
    "width": 3118,
    "height": 2078,
    "position": [
      0.6794698240618978,
      -1.7623020242629766,
      3.9320180834708904
    ],
    "rotation": [
      [
        -0.999426043832897,
        -0.023791249218367436,
        0.02411554206635716
      ],
      [
        0.007398783850800212,
        0.5413898955024874,
        0.8407391028406703
      ],
      [
        -0.03305814432259997,
        0.840434981130864,
        -0.540903135122649
      ]
    ],
    "fx": 3222.7010797592447,
    "fy": 3222.7010797592447
  },
  {
    "id": 1538,
    "img_name": "frame1538",
    "width": 3118,
    "height": 2078,
    "position": [
      0.6720501720861964,
      -1.762141672081373,
      3.931227105470139
    ],
    "rotation": [
      [
        -0.999363420681769,
        -0.024367154070820338,
        0.026057536447690974
      ],
      [
        0.008715796071436792,
        0.5415085393476837,
        0.8406500679309907
      ],
      [
        -0.034594628225708204,
        0.8403420396576784,
        -0.5409514470651668
      ]
    ],
    "fx": 3222.7010797592447,
    "fy": 3222.7010797592447
  },
  {
    "id": 1539,
    "img_name": "frame1539",
    "width": 3118,
    "height": 2078,
    "position": [
      0.6646305201104954,
      -1.7619813198997691,
      3.930436127469388
    ],
    "rotation": [
      [
        -0.9992966965537997,
        -0.024942758160834178,
        0.027999483423685453
      ],
      [
        0.010032564088967275,
        0.5416279342922861,
        0.8405584622452337
      ],
      [
        -0.03613114881184738,
        0.84024820119391,
        -0.5409967656797356
      ]
    ],
    "fx": 3222.7010797592447,
    "fy": 3222.7010797592447
  },
  {
    "id": 1540,
    "img_name": "frame1540",
    "width": 3118,
    "height": 2078,
    "position": [
      0.6572108681347941,
      -1.7618209677181658,
      3.9296451494686373
    ],
    "rotation": [
      [
        -0.9992258717237329,
        -0.02551805911829876,
        0.029941374998170064
      ],
      [
        0.011349082481461093,
        0.5417480798446727,
        0.8404642861605953
      ],
      [
        -0.03766769975423276,
        0.8401534661259484,
        -0.5410390907797512
      ]
    ],
    "fx": 3222.7010797592447,
    "fy": 3222.7010797592447
  },
  {
    "id": 1541,
    "img_name": "frame1541",
    "width": 3118,
    "height": 2078,
    "position": [
      0.6497912161590931,
      -1.7616606155365624,
      3.9288541714678864
    ],
    "rotation": [
      [
        -0.9991509464831972,
        -0.02609305457435194,
        0.031883203175202476
      ],
      [
        0.01266534582801563,
        0.5418689755101326,
        0.8403675400648554
      ],
      [
        -0.03920427472595453,
        0.8400578348438752,
        -0.5410784221909358
      ]
    ],
    "fx": 3222.7010797592447,
    "fy": 3222.7010797592447
  },
  {
    "id": 1542,
    "img_name": "frame1542",
    "width": 3118,
    "height": 2078,
    "position": [
      0.6423715641833918,
      -1.7615002633549586,
      3.9280631934671355
    ],
    "rotation": [
      [
        -0.9990719211407049,
        -0.026667742161389577,
        0.03382495995910119
      ],
      [
        0.0139813487087783,
        0.5419906207908642,
        0.8402682243563762
      ],
      [
        -0.04074086740000386,
        0.8399613077414623,
        -0.5411147597513377
      ]
    ],
    "fx": 3222.7010797592447,
    "fy": 3222.7010797592447
  },
  {
    "id": 1543,
    "img_name": "frame1543",
    "width": 3118,
    "height": 2078,
    "position": [
      0.6349519122076905,
      -1.761339911173355,
      3.927272215466384
    ],
    "rotation": [
      [
        -0.9989887960216516,
        -0.027242119513075255,
        0.03576663735447901
      ],
      [
        0.0152970857049692,
        0.5421130151859807,
        0.8401663394441007
      ],
      [
        -0.04227747144929928,
        0.8398638852161703,
        -0.5411481033113336
      ]
    ],
    "fx": 3222.7010797592447,
    "fy": 3222.7010797592447
  },
  {
    "id": 1544,
    "img_name": "frame1544",
    "width": 3118,
    "height": 2078,
    "position": [
      0.6275322602319894,
      -1.7611795589917516,
      3.926481237465633
    ],
    "rotation": [
      [
        -0.998901571468313,
        -0.02781618426434987,
        0.03770822736627525
      ],
      [
        0.016612551398903025,
        0.5422361581915104,
        0.8400618857475504
      ],
      [
        -0.043814080546712146,
        0.8397655676691462,
        -0.5411784527336275
      ]
    ],
    "fx": 3222.7010797592447,
    "fy": 3222.7010797592447
  },
  {
    "id": 1545,
    "img_name": "frame1545",
    "width": 3118,
    "height": 2078,
    "position": [
      0.6201126082562882,
      -1.7610192068101478,
      3.925690259464882
    ],
    "rotation": [
      [
        -0.9988102478398458,
        -0.028389934051441554,
        0.03964972199978924
      ],
      [
        0.01792774037401171,
        0.5423600493003987,
        0.8399548636968246
      ],
      [
        -0.04535068836509323,
        0.8396663555052233,
        -0.5412058078932528
      ]
    ],
    "fx": 3222.7010797592447,
    "fy": 3222.7010797592447
  },
  {
    "id": 1546,
    "img_name": "frame1546",
    "width": 3118,
    "height": 2078,
    "position": [
      0.6126929562805871,
      -1.7608588546285446,
      3.924899281464131
    ],
    "rotation": [
      [
        -0.9987148255122847,
        -0.028963366511875338,
        0.04159111326071315
      ],
      [
        0.019242647214866675,
        0.5424846880025117,
        0.8398452737325978
      ],
      [
        -0.04688728857729859,
        0.8395662491329178,
        -0.5412301686775717
      ]
    ],
    "fx": 3222.7010797592447,
    "fy": 3222.7010797592447
  },
  {
    "id": 1547,
    "img_name": "frame1547",
    "width": 3118,
    "height": 2078,
    "position": [
      0.6052733043048859,
      -1.760698502446941,
      3.92410830346338
    ],
    "rotation": [
      [
        -0.9986153048785411,
        -0.02953647928448293,
        0.04353239315516459
      ],
      [
        0.020557266507200894,
        0.5426100737846355,
        0.839733116306118
      ],
      [
        -0.048423874856215576,
        0.8394652489644284,
        -0.5412515349862761
      ]
    ],
    "fx": 3222.7010797592447,
    "fy": 3222.7010797592447
  },
  {
    "id": 1548,
    "img_name": "frame1548",
    "width": 3118,
    "height": 2078,
    "position": [
      0.5978536523291847,
      -1.7605381502653374,
      3.9233173254626292
    ],
    "rotation": [
      [
        -0.9985116863484016,
        -0.03010927000941223,
        0.04547355368971977
      ],
      [
        0.02187159283793142,
        0.5427362061304819,
        0.8396183918792054
      ],
      [
        -0.049960440874788764,
        0.8393633554156338,
        -0.541269906731388
      ]
    ],
    "fx": 3222.7010797592447,
    "fy": 3222.7010797592447
  },
  {
    "id": 1549,
    "img_name": "frame1549",
    "width": 3118,
    "height": 2078,
    "position": [
      0.5904340003534836,
      -1.760377798083734,
      3.9225263474618783
    ],
    "rotation": [
      [
        -0.9984039703485265,
        -0.030681736328137404,
        0.04741458687144654
      ],
      [
        0.023185620795181692,
        0.5428630845206873,
        0.8395011009242499
      ],
      [
        -0.05149698030604644,
        0.8392605689060915,
        -0.5412852838372598
      ]
    ],
    "fx": 3222.7010797592447,
    "fy": 3222.7010797592447
  },
  {
    "id": 1550,
    "img_name": "frame1550",
    "width": 3118,
    "height": 2078,
    "position": [
      0.5830143483777823,
      -1.7602174459021307,
      3.9217353694611274
    ],
    "rotation": [
      [
        -0.998292157322447,
        -0.03125387588346819,
        0.04935548470793685
      ],
      [
        0.02449934496830358,
        0.542990708432816,
        0.8393812439242091
      ],
      [
        -0.053033486823126016,
        0.8391568898590355,
        -0.5412976662405742
      ]
    ],
    "fx": 3222.7010797592447,
    "fy": 3222.7010797592447
  },
  {
    "id": 1551,
    "img_name": "frame1551",
    "width": 3118,
    "height": 2078,
    "position": [
      0.5755946964020813,
      -1.7600570937205269,
      3.9209443914603765
    ],
    "rotation": [
      [
        -0.9981762477305661,
        -0.03182568631955999,
        0.05129623920734026
      ],
      [
        0.02581275994789994,
        0.5431190773413642,
        0.8392588213726071
      ],
      [
        -0.054569954099300766,
        0.8390523187013754,
        -0.5413070538903458
      ]
    ],
    "fx": 3222.7010797592447,
    "fy": 3222.7010797592447
  },
  {
    "id": 1552,
    "img_name": "frame1552",
    "width": 3118,
    "height": 2078,
    "position": [
      0.56817504442638,
      -1.7598967415389235,
      3.920153413459625
    ],
    "rotation": [
      [
        -0.9980562420501529,
        -0.03239716528192322,
        0.0532368423783963
      ],
      [
        0.0271258603258467,
        0.5432481907177589,
        0.8391338337735311
      ],
      [
        -0.05610637580800527,
        0.8389468558636938,
        -0.5413134467479204
      ]
    ],
    "fx": 3222.7010797592447,
    "fy": 3222.7010797592447
  },
  {
    "id": 1553,
    "img_name": "frame1553",
    "width": 3118,
    "height": 2078,
    "position": [
      0.560755392450679,
      -1.75973638935732,
      3.9193624354588743
    ],
    "rotation": [
      [
        -0.9979321407753439,
        -0.03296831041743336,
        0.055177286230467776
      ],
      [
        0.028438640695315237,
        0.5433780480303623,
        0.8390062816416313
      ],
      [
        -0.05764274562286198,
        0.8388405017802449,
        -0.5413168447869741
      ]
    ],
    "fx": 3222.7010797592447,
    "fy": 3222.7010797592447
  },
  {
    "id": 1554,
    "img_name": "frame1554",
    "width": 3118,
    "height": 2078,
    "position": [
      0.5533357404749778,
      -1.7595760371757165,
      3.9185714574581234
    ],
    "rotation": [
      [
        -0.9978039444171387,
        -0.03353911937434026,
        0.057117562773573306
      ],
      [
        0.029751095650794503,
        0.5435086487444731,
        0.8388761655021162
      ],
      [
        -0.059179057217706756,
        0.838733256888953,
        -0.5413172479935151
      ]
    ],
    "fx": 3222.7010797592447,
    "fy": 3222.7010797592447
  },
  {
    "id": 1555,
    "img_name": "frame1555",
    "width": 3118,
    "height": 2078,
    "position": [
      0.5459160884992766,
      -1.759415684994113,
      3.917780479457373
    ],
    "rotation": [
      [
        -0.9976716535033998,
        -0.03410958980227823,
        0.05905766401842076
      ],
      [
        0.03106321978811358,
        0.5436399923223296,
        0.8387434858907535
      ],
      [
        -0.06071530426661553,
        0.8386251216314103,
        -0.5413146563658835
      ]
    ],
    "fx": 3222.7010797592447,
    "fy": 3222.7010797592447
  },
  {
    "id": 1556,
    "img_name": "frame1556",
    "width": 3118,
    "height": 2078,
    "position": [
      0.5384964365235754,
      -1.7592553328125096,
      3.916989501456622
    ],
    "rotation": [
      [
        -0.9975352685788483,
        -0.03467971935227534,
        0.06099758197643939
      ],
      [
        0.032375007704463464,
        0.5437720782231106,
        0.8386082433538652
      ],
      [
        -0.06225148044392965,
        0.838516096452875,
        -0.5413090699147505
      ]
    ],
    "fx": 3222.7010797592447,
    "fy": 3222.7010797592447
  },
  {
    "id": 1557,
    "img_name": "frame1557",
    "width": 3118,
    "height": 2078,
    "position": [
      0.5310767845478743,
      -1.759094980630906,
      3.9161985234558703
    ],
    "rotation": [
      [
        -0.9973947902050638,
        -0.035249505676763306,
        0.06293730865981347
      ],
      [
        0.033686453998419734,
        0.5439049059029385,
        0.8384704384483261
      ],
      [
        -0.06378757942428252,
        0.8384061818022692,
        -0.5413004886631189
      ]
    ],
    "fx": 3222.7010797592447,
    "fy": 3222.7010797592447
  },
  {
    "id": 1558,
    "img_name": "frame1558",
    "width": 3118,
    "height": 2078,
    "position": [
      0.5236571325721733,
      -1.7589346284493024,
      3.9154075454551194
    ],
    "rotation": [
      [
        -0.9972502189604808,
        -0.03581894642958715,
        0.06487683608151472
      ],
      [
        0.03499755326996465,
        0.544038474814881,
        0.8383300717415632
      ],
      [
        -0.0653235948826253,
        0.8382953781321789,
        -0.5412889126463225
      ]
    ],
    "fx": 3222.7010797592447,
    "fy": 3222.7010797592447
  },
  {
    "id": 1559,
    "img_name": "frame1559",
    "width": 3118,
    "height": 2078,
    "position": [
      0.516237480596472,
      -1.758774276267699,
      3.914616567454369
    ],
    "rotation": [
      [
        -0.9971015554403861,
        -0.03638803926601477,
        0.0668161562553354
      ],
      [
        0.03630830012050929,
        0.5441727844089546,
        0.8381871438115501
      ],
      [
        -0.0668595204942531,
        0.8381836858988488,
        -0.5412743419120272
      ]
    ],
    "fx": 3222.7010797592447,
    "fy": 3222.7010797592447
  },
  {
    "id": 1560,
    "img_name": "frame1560",
    "width": 3118,
    "height": 2078,
    "position": [
      0.5088178286207706,
      -1.7586139240860954,
      3.9138255894536176
    ],
    "rotation": [
      [
        -0.9969488002569183,
        -0.03695678184274669,
        0.06875526119592114
      ],
      [
        0.037618689152915975,
        0.5443078341321256,
        0.8380416552468088
      ],
      [
        -0.06839534993483105,
        0.8380711055621848,
        -0.5412567765202297
      ]
    ],
    "fx": 3222.7010797592447,
    "fy": 3222.7010797592447
  },
  {
    "id": 1561,
    "img_name": "frame1561",
    "width": 3118,
    "height": 2078,
    "position": [
      0.5013981766450695,
      -1.7584535719044916,
      3.9130346114528667
    ],
    "rotation": [
      [
        -0.9967919540390618,
        -0.03752517181792562,
        0.07069414291880374
      ],
      [
        0.03892871497152021,
        0.5444436234283122,
        0.8378936066464027
      ],
      [
        -0.0699310768804201,
        0.8379576375857467,
        -0.541236216543257
      ]
    ],
    "fx": 3222.7010797592447,
    "fy": 3222.7010797592447
  },
  {
    "id": 1562,
    "img_name": "frame1562",
    "width": 3118,
    "height": 2078,
    "position": [
      0.4939785246693683,
      -1.7582932197228884,
      3.912243633452116
    ],
    "rotation": [
      [
        -0.9966310174326477,
        -0.03809320685114622,
        0.0726327934404342
      ],
      [
        0.0402383721821532,
        0.5445801517383878,
        0.8377429986199377
      ],
      [
        -0.07146669500750343,
        0.8378432824367515,
        -0.541212662065767
      ]
    ],
    "fx": 3222.7010797592447,
    "fy": 3222.7010797592447
  },
  {
    "id": 1563,
    "img_name": "frame1563",
    "width": 3118,
    "height": 2078,
    "position": [
      0.48655887269366715,
      -1.7581328675412848,
      3.911452655451365
    ],
    "rotation": [
      [
        -0.99646599110035,
        -0.03866088460346459,
        0.07457120477821552
      ],
      [
        0.04154765539216393,
        0.5447174185001826,
        0.8375898317875587
      ],
      [
        -0.07300219799301216,
        0.837728040586069,
        -0.5411861131847477
      ]
    ],
    "fx": 3222.7010797592447,
    "fy": 3222.7010797592447
  },
  {
    "id": 1564,
    "img_name": "frame1564",
    "width": 3118,
    "height": 2078,
    "position": [
      0.479139220717966,
      -1.7579725153596812,
      3.910661677450614
    ],
    "rotation": [
      [
        -0.9962968757216815,
        -0.039228202737408,
        0.07650936895053544
      ],
      [
        0.04285655921044128,
        0.5448554231484866,
        0.8374341067799457
      ],
      [
        -0.07453757951435157,
        0.837611912508219,
        -0.5411565700095169
      ]
    ],
    "fx": 3222.7010797592447,
    "fy": 3222.7010797592447
  },
  {
    "id": 1565,
    "img_name": "frame1565",
    "width": 3118,
    "height": 2078,
    "position": [
      0.47171956874226484,
      -1.7578121631780776,
      3.909870699449863
    ],
    "rotation": [
      [
        -0.9961236719929927,
        -0.039795158916984444,
        0.07844727797679962
      ],
      [
        0.04416507824743644,
        0.5449941651150514,
        0.8372758242383131
      ],
      [
        -0.07607283324942704,
        0.8374948986813715,
        -0.5411240326617224
      ]
    ],
    "fx": 3222.7010797592447,
    "fy": 3222.7010797592447
  },
  {
    "id": 1566,
    "img_name": "frame1566",
    "width": 3118,
    "height": 2078,
    "position": [
      0.4642999167665635,
      -1.757651810996474,
      3.9090797214491113
    ],
    "rotation": [
      [
        -0.9959463806274673,
        -0.04036175080769244,
        0.08038492387746429
      ],
      [
        0.045473207115184974,
        0.5451336438285912,
        0.8371149848144052
      ],
      [
        -0.07760795287667033,
        0.8373769995873425,
        -0.5410885012753388
      ]
    ],
    "fx": 3222.7010797592447,
    "fy": 3222.7010797592447
  },
  {
    "id": 1567,
    "img_name": "frame1567",
    "width": 3118,
    "height": 2078,
    "position": [
      0.45688026479086236,
      -1.7574914588148707,
      3.9082887434483604
    ],
    "rotation": [
      [
        -0.9957650023551224,
        -0.040927976076530224,
        0.08232229867406884
      ],
      [
        0.0467809404273288,
        0.5452738587147897,
        0.8369515891704962
      ],
      [
        -0.07914293207506493,
        0.8372582157115946,
        -0.5410499759966717
      ]
    ],
    "fx": 3222.7010797592447,
    "fy": 3222.7010797592447
  },
  {
