[
  {
    "id": 0,
    "img_name": "frame0000",
    "width": 5187,
    "height": 3361,
    "position": [
      0.32511876709066195,
      2.9957802654512298,
      -3.225355003982969
    ],
    "rotation": [
      [
        0.9999338259558069,
        -0.01063858898325023,
        -0.004377685898681347
      ],
      [
        0.008907733496057774,
        0.9568136992250933,
        -0.29056530635840877
      ],
      [
        0.007279834705902122,
        0.2905070832176699,
        0.9568451487085131
      ]
    ],
    "fx": 3844.898776958602,
    "fy": 3852.356179237937
  },
  {
    "id": 1,
    "img_name": "frame0001",
    "width": 5187,
    "height": 3361,
    "position": [
      0.3194630260720493,
      2.993040678321152,
      -3.22023619565636
    ],
    "rotation": [
      [
        0.9999367624310737,
        -0.010993221077193924,
        -0.0023707022610403193
      ],
      [
        0.009830035070404511,
        0.9567989247696794,
        -0.29058421837756415
      ],
      [
        0.005462741928480585,
        0.29054253845165806,
        0.9568464828804512
      ]
    ],
    "fx": 3844.898776958602,
    "fy": 3852.356179237937
  },
  {
    "id": 2,
    "img_name": "frame0002",
    "width": 5187,
    "height": 3361,
    "position": [
      0.3138072850534367,
      2.9903010911910743,
      -3.2151173873297503
    ],
    "rotation": [
      [
        0.9999355457913368,
        -0.011347774370599284,
        -0.0003637029215725993
      ],
      [
        0.01075236744171996,
        0.9567838226236414,
        -0.29060127900628807
      ],
      [
        0.003645662817572546,
        0.2905786378633609,
        0.9568441693191709
      ]
    ],
    "fx": 3844.898776958602,
    "fy": 3852.356179237937
  },
  {
    "id": 3,
    "img_name": "frame0003",
    "width": 5187,
    "height": 3361,
    "position": [
      0.308151544034824,
      2.9875615040609964,
      -3.209998579003141
    ],
    "rotation": [
      [
        0.9999301760416507,
        -0.011702247390641823,
        0.0016433037825893304
      ],
      [
        0.011674726778609153,
        0.956768392849714,
        -0.2906164881737101
      ],
      [
        0.001828604921376439,
        0.29061538130282016,
        0.9568382080342831
      ]
    ],
    "fx": 3844.898776958602,
    "fy": 3852.356179237937
  },
  {
    "id": 4,
    "img_name": "frame0004",
    "width": 5187,
    "height": 3361,
    "position": [
      0.3024958030162114,
      2.9848219169309185,
      -3.2048797706765315
    ],
    "rotation": [
      [
        0.999920653204321,
        -0.012056638664830503,
        0.003650309514282396
      ],
      [
        0.012597109249565098,
        0.956752635511993,
        -0.2906298458166509
      ],
      [
        1.1575788002575298e-05,
        0.2906527686174028,
        0.956828599050551
      ]
    ],
    "fx": 3844.898776958602,
    "fy": 3852.356179237937
  },
  {
    "id": 5,
    "img_name": "frame0005",
    "width": 5187,
    "height": 3361,
    "position": [
      0.2968400619975987,
      2.9820823298008405,
      -3.1997609623499224
    ],
    "rotation": [
      [
        0.9999069773189059,
        -0.012410946721013866,
        0.005657305936347562
      ],
      [
        0.013519511022984713,
        0.9567365506759345,
        -0.29064135187962237
      ],
      [
        -0.0018054170345582175,
        0.29069079965180056,
        0.9568153424078902
      ]
    ],
    "fx": 3844.898776958602,
    "fy": 3852.356179237937
  },
  {
    "id": 6,
    "img_name": "frame0006",
    "width": 5187,
    "height": 3361,
    "position": [
      0.29118432097898606,
      2.979342742670763,
      -3.1946421540233128
    ],
    "rotation": [
      [
        0.9998891484422154,
        -0.012765170087386146,
        0.007664284711664466
      ],
      [
        0.014441928267184736,
        0.9567201384083557,
        -0.2906510063148282
      ],
      [
        -0.0036223659984659456,
        0.29072947424803164,
        0.9567984381613697
      ]
    ],
    "fx": 3844.898776958602,
    "fy": 3852.356179237937
  },
  {
    "id": 7,
    "img_name": "frame0007",
    "width": 5187,
    "height": 3361,
    "position": [
      0.28552857996037345,
      2.976603155540685,
      -3.1895233456967036
    ],
    "rotation": [
      [
        0.9998671666483115,
        -0.013119307292493384,
        0.009671237503186056
      ],
      [
        0.015364357150417635,
        0.9567033987774336,
        -0.2906588090821634
      ],
      [
        -0.005439263556062812,
        0.29076879224544067,
        0.9567778863812101
      ]
    ],
    "fx": 3844.898776958602,
    "fy": 3852.356179237937
  },
  {
    "id": 8,
    "img_name": "frame0008",
    "width": 5187,
    "height": 3361,
    "position": [
      0.27987283894176074,
      2.9738635684106076,
      -3.184404537370094
    ],
    "rotation": [
      [
        0.9998410320285067,
        -0.013473356865239526,
        0.011678155973973203
      ],
      [
        0.01628679384088752,
        0.9566863318527048,
        -0.290664760149215
      ],
      [
        -0.007256102159904551,
        0.2908087534806993,
        0.9567536871527837
      ]
    ],
    "fx": 3844.898776958602,
    "fy": 3852.356179237937
  },
  {
    "id": 9,
    "img_name": "frame0009",
    "width": 5187,
    "height": 3361,
    "position": [
      0.2742170979231481,
      2.9711239812805297,
      -3.179285729043485
    ],
    "rotation": [
      [
        0.9998107446913654,
        -0.01382731733489256,
        0.013685031787229367
      ],
      [
        0.017209234506766088,
        0.9566689377050662,
        -0.2906688594912623
      ],
      [
        -0.009072874262791802,
        0.29084935778780785,
        0.9567258405766155
      ]
    ],
    "fx": 3844.898776958602,
    "fy": 3852.356179237937
  },
  {
    "id": 10,
    "img_name": "frame0010",
    "width": 5187,
    "height": 3361,
    "position": [
      0.2685613569045355,
      2.9683843941504517,
      -3.1741669207168757
    ],
    "rotation": [
      [
        0.9997763047627019,
        -0.014181187231090589,
        0.01569185660633519
      ],
      [
        0.018131675316208497,
        0.9566512164067734,
        -0.2906711070912764
      ],
      [
        -0.010889572317801452,
        0.2908906049980945,
        0.9566943467683803
      ]
    ],
    "fx": 3844.898776958602,
    "fy": 3852.356179237937
  },
  {
    "id": 11,
    "img_name": "frame0011",
    "width": 5187,
    "height": 3361,
    "position": [
      0.2629056158859228,
      2.965644807020374,
      -3.169048112390266
    ],
    "rotation": [
      [
        0.9997377123855806,
        -0.01453496508384799,
        0.017698622094883175
      ],
      [
        0.019054112437369347,
        0.9566331680314414,
        -0.29067150293992083
      ],
      [
        -0.012706188778317988,
        0.29093249494021745,
        0.9566592058589047
      ]
    ],
    "fx": 3844.898776958602,
    "fy": 3852.356179237937
  },
  {
    "id": 12,
    "img_name": "frame0012",
    "width": 5187,
    "height": 3361,
    "position": [
      0.25724987486731016,
      2.9629052198902954,
      -3.1639293040636565
    ],
    "rotation": [
      [
        0.9996949677203153,
        -0.01488864942356147,
        0.01970531991671224
      ],
      [
        0.019976542038418515,
        0.9566147926540431,
        -0.29067004703555105
      ],
      [
        -0.014522716098064825,
        0.2909750274401644,
        0.9566204179941649
      ]
    ],
    "fx": 3844.898776958602,
    "fy": 3852.356179237937
  },
  {
    "id": 13,
    "img_name": "frame0013",
    "width": 5187,
    "height": 3361,
    "position": [
      0.2515941338486975,
      2.960165632760218,
      -3.158810495737047
    ],
    "rotation": [
      [
        0.9996480709444687,
        -0.015242238781016191,
        0.021711941735942417
      ],
      [
        0.020898960287557142,
        0.9565960903509109,
        -0.29066673938421506
      ],
      [
        -0.01633914673113568,
        0.2910182023212544,
        0.9565779833352867
      ]
    ],
    "fx": 3844.898776958602,
    "fy": 3852.356179237937
  },
  {
    "id": 14,
    "img_name": "frame0014",
    "width": 5187,
    "height": 3361,
    "position": [
      0.24593839283008487,
      2.95742604563014,
      -3.1536916874104377
    ],
    "rotation": [
      [
        0.9995970222528513,
        -0.015595731687391883,
        0.023718479217009467
      ],
      [
        0.021821363353033522,
        0.9565770611997344,
        -0.29066157999965286
      ],
      [
        -0.018155473132025916,
        0.2910620194041376,
        0.956531902058545
      ]
    ],
    "fx": 3844.898776958602,
    "fy": 3852.356179237937
  },
  {
    "id": 15,
    "img_name": "frame0015",
    "width": 5187,
    "height": 3361,
    "position": [
      0.24028265181147218,
      2.9546864585000625,
      -3.148572879083828
    ],
    "rotation": [
      [
        0.9995418218575207,
        -0.015949126674268944,
        0.025724924024699485
      ],
      [
        0.022743747403159032,
        0.9565577052795614,
        -0.2906545689032967
      ],
      [
        -0.019971687755663884,
        0.29110647850679666,
        0.9564821743553626
      ]
    ],
    "fx": 3844.898776958602,
    "fy": 3852.356179237937
  },
  {
    "id": 16,
    "img_name": "frame0016",
    "width": 5187,
    "height": 3361,
    "position": [
      0.23462691079285952,
      2.9519468713699846,
      -3.143454070757219
    ],
    "rotation": [
      [
        0.9994824699877811,
        -0.01630242227363451,
        0.027731267824183514
      ],
      [
        0.023666108606324007,
        0.9565380226707968,
        -0.2906457061242709
      ],
      [
        -0.02178778305744224,
        0.29115157944454717,
        0.95642880043231
      ]
    ],
    "fx": 3844.898776958602,
    "fy": 3852.356179237937
  },
  {
    "id": 17,
    "img_name": "frame0017",
    "width": 5187,
    "height": 3361,
    "position": [
      0.22897116977424692,
      2.9492072842399066,
      -3.1383352624306093
    ],
    "rotation": [
      [
        0.9994189668901816,
        -0.01665561701788859,
        0.029737502281052215
      ],
      [
        0.024588443131013715,
        0.9565180134552028,
        -0.2906349916993915
      ],
      [
        -0.02360375149324933,
        0.2911973220300384,
        0.9563717805111039
      ]
    ],
    "fx": 3844.898776958602,
    "fy": 3852.356179237937
  },
  {
    "id": 18,
    "img_name": "frame0018",
    "width": 5187,
    "height": 3361,
    "position": [
      0.22331542875563426,
      2.9464676971098287,
      -3.133216454104
    ],
    "rotation": [
      [
        0.9993513128285161,
        -0.017008709439850153,
        0.03174361906135046
      ],
      [
        0.025510747145824263,
        0.9564976777158983,
        -0.29062242567316693
      ],
      [
        -0.025419585519500496,
        0.2912437060732547,
        0.9563111148286066
      ]
    ],
    "fx": 3844.898776958602,
    "fy": 3852.356179237937
  },
  {
    "id": 19,
    "img_name": "frame0019",
    "width": 5187,
    "height": 3361,
    "position": [
      0.21765968773702163,
      2.943728109979751,
      -3.1280976457773906
    ],
    "rotation": [
      [
        0.9992795080838215,
        -0.017361698072763207,
        0.03374960983161193
      ],
      [
        0.026433016819478454,
        0.9564770155373585,
        -0.2906080080977965
      ],
      [
        -0.027235277593169405,
        0.2912907313815152,
        0.9562468036368253
      ]
    ],
    "fx": 3844.898776958602,
    "fy": 3852.356179237937
  },
  {
    "id": 20,
    "img_name": "frame0020",
    "width": 5187,
    "height": 3361,
    "position": [
      0.21200394671840894,
      2.9409885228496733,
      -3.1229788374507814
    ],
    "rotation": [
      [
        0.9992035529543767,
        -0.0177145814503029,
        0.03575546625889378
      ],
      [
        0.027355248320841782,
        0.9564560270054147,
        -0.2905917390331713
      ],
      [
        -0.029050820171819425,
        0.2913383977594753,
        0.9561788472029102
      ]
    ],
    "fx": 3844.898776958602,
    "fy": 3852.356179237937
  },
  {
    "id": 21,
    "img_name": "frame0021",
    "width": 5187,
    "height": 3361,
    "position": [
      0.20634820569979628,
      2.938248935719596,
      -3.1178600291241723
    ],
    "rotation": [
      [
        0.9991234477557013,
        -0.01806735810658163,
        0.037761180010811204
      ],
      [
        0.02827743781893828,
        0.9564347122072536,
        -0.2905736185468735
      ],
      [
        -0.0308662057136349,
        0.2913867050091277,
        0.9561072458091545
      ]
    ],
    "fx": 3844.898776958602,
    "fy": 3852.356179237937
  },
  {
    "id": 22,
    "img_name": "frame0022",
    "width": 5187,
    "height": 3361,
    "position": [
      0.20069246468118365,
      2.935509348589518,
      -3.1127412207975627
    ],
    "rotation": [
      [
        0.9990391928205549,
        -0.0184200265761551,
        0.03976674275557211
      ],
      [
        0.029199581482966492,
        0.9564130712314178,
        -0.2905536467141763
      ],
      [
        -0.03268142667745255,
        0.2914356529298028,
        0.9560319997529925
      ]
    ],
    "fx": 3844.898776958602,
    "fy": 3852.356179237937
  },
  {
    "id": 23,
    "img_name": "frame0023",
    "width": 5187,
    "height": 3361,
    "position": [
      0.19503672366257102,
      2.93276976145944,
      -3.1076224124709535
    ],
    "rotation": [
      [
        0.9989507884989348,
        -0.018772585394028443,
        0.041772146162011664
      ],
      [
        0.030121675482315348,
        0.9563911041678047,
        -0.2905318236180429
      ],
      [
        -0.03449647552279274,
        0.2914852413181694,
        0.9559531093469983
      ]
    ],
    "fx": 3844.898776958602,
    "fy": 3852.356179237937
  },
  {
    "id": 24,
    "img_name": "frame0024",
    "width": 5187,
    "height": 3361,
    "position": [
      0.18938098264395836,
      2.930030174329362,
      -3.102503604144344
    ],
    "rotation": [
      [
        0.998858235158075,
        -0.019125033095662266,
        0.043777381899626905
      ],
      [
        0.031043715986580057,
        0.9563688111076657,
        -0.29050814934912733
      ],
      [
        -0.03631134470989077,
        0.2915354699682358,
        0.9558705749188849
      ]
    ],
    "fx": 3844.898776958602,
    "fy": 3852.356179237937
  },
  {
    "id": 25,
    "img_name": "frame0025",
    "width": 5187,
    "height": 3361,
    "position": [
      0.18372524162534568,
      2.927290587199284,
      -3.0973847958177347
    ],
    "rotation": [
      [
        0.9987615331824445,
        -0.01947736821697876,
        0.045782441638611455
      ],
      [
        0.03196569916557809,
        0.9563461921436067,
        -0.290482624005773
      ],
      [
        -0.038126026699728345,
        0.2915863386713509,
        0.9557843968115026
      ]
    ],
    "fx": 3844.898776958602,
    "fy": 3852.356179237937
  },
  {
    "id": 26,
    "img_name": "frame0026",
    "width": 5187,
    "height": 3361,
    "position": [
      0.17806950060673304,
      2.9245510000692065,
      -3.092265987491125
    ],
    "rotation": [
      [
        0.9986606829737467,
        -0.019829589294367813,
        0.047787317049889956
      ],
      [
        0.03288762118936506,
        0.9563232473695882,
        -0.29045524769401315
      ],
      [
        -0.03994051395406469,
        0.2916378472162047,
        0.955694575382838
      ]
    ],
    "fx": 3844.898776958602,
    "fy": 3852.356179237937
  },
  {
    "id": 27,
    "img_name": "frame0027",
    "width": 5187,
    "height": 3361,
    "position": [
      0.1724137595881204,
      2.9218114129391286,
      -3.087147179164516
    ],
    "rotation": [
      [
        0.9985556849509156,
        -0.020181694864693005,
        0.049791999805152816
      ],
      [
        0.03380947822825056,
        0.9562999768809227,
        -0.2904260205275696
      ],
      [
        -0.04175479893546807,
        0.29168999538882934,
        0.9556011110060115
      ]
    ],
    "fx": 3844.898776958602,
    "fy": 3852.356179237937
  },
  {
    "id": 28,
    "img_name": "frame0028",
    "width": 5187,
    "height": 3361,
    "position": [
      0.16675801856950778,
      2.919071825809051,
      -3.0820283708379064
    ],
    "rotation": [
      [
        0.9984465395501164,
        -0.020533683465297763,
        0.051796481576890686
      ],
      [
        0.03473126645281418,
        0.956276380774277,
        -0.2903949426278528
      ],
      [
        -0.043568874107346896,
        0.2917427829725995,
        0.9555040040692772
      ]
    ],
    "fx": 3844.898776958602,
    "fy": 3852.356179237937
  },
  {
    "id": 29,
    "img_name": "frame0029",
    "width": 5187,
    "height": 3361,
    "position": [
      0.16110227755089512,
      2.9163322386789727,
      -3.076909562511297
    ],
    "rotation": [
      [
        0.9983332472247418,
        -0.020885553634011393,
        0.05380075403842913
      ],
      [
        0.03565298203392134,
        0.9562524591476695,
        -0.29036201412396134
      ],
      [
        -0.045382731933981194,
        0.29179620974823417,
        0.9554032549760195
      ]
    ],
    "fx": 3844.898776958602,
    "fy": 3852.356179237937
  },
  {
    "id": 30,
    "img_name": "frame0030",
    "width": 5187,
    "height": 3361,
    "position": [
      0.1554465365322825,
      2.9135926515488952,
      -3.071790754184688
    ],
    "rotation": [
      [
        0.9982158084454117,
        -0.021237303909155195,
        0.055804808863963204
      ],
      [
        0.036574621142739246,
        0.9562282121004718,
        -0.2903272351526811
      ],
      [
        -0.04719636488055384,
        0.29185027549379716,
        0.9552988641447536
      ]
    ],
    "fx": 3844.898776958602,
    "fy": 3852.356179237937
  },
  {
    "id": 31,
    "img_name": "frame0031",
    "width": 5187,
    "height": 3361,
    "position": [
      0.1497907955136698,
      2.9108530644188173,
      -3.0666719458580785
    ],
    "rotation": [
      [
        0.9980942236999699,
        -0.02158893282954849,
        0.057808637728592
      ],
      [
        0.03749617995075275,
        0.9562036397334066,
        -0.29029060585848493
      ],
      [
        -0.04900976541318185,
        0.2919049799846976,
        0.9551908320091217
      ]
    ],
    "fx": 3844.898776958602,
    "fy": 3852.356179237937
  },
  {
    "id": 32,
    "img_name": "frame0032",
    "width": 5187,
    "height": 3361,
    "position": [
      0.14413505449505717,
      2.90811347728874,
      -3.0615531375314693
    ],
    "rotation": [
      [
        0.9979684934934833,
        -0.021940438934514733,
        0.05981223230835333
      ],
      [
        0.03841765462978031,
        0.9561787421485484,
        -0.2902521263935319
      ],
      [
        -0.050822925998947714,
        0.2919603229936916,
        0.9550791590178925
      ]
    ],
    "fx": 3844.898776958602,
    "fy": 3852.356179237937
  },
  {
    "id": 33,
    "img_name": "frame0033",
    "width": 5187,
    "height": 3361,
    "position": [
      0.13847931347644446,
      2.9053738901586614,
      -3.0564343292048592
    ],
    "rotation": [
      [
        0.9978386183482383,
        -0.02229182076388752,
        0.061815584280258164
      ],
      [
        0.03933904135198983,
        0.9561535194493221,
        -0.29021179691766696
      ],
      [
        -0.05263583910593068,
        0.29201630429088277,
        0.9549638456349587
      ]
    ],
    "fx": 3844.898776958602,
    "fy": 3852.356179237937
  },
  {
    "id": 34,
    "img_name": "frame0034",
    "width": 5187,
    "height": 3361,
    "position": [
      0.13282357245783186,
      2.902634303028584,
      -3.05131552087825
    ],
    "rotation": [
      [
        0.9977045988037402,
        -0.02264307685801673,
        0.06381868532232528
      ],
      [
        0.040260336289914586,
        0.956127971740504,
        -0.29016961759841986
      ],
      [
        -0.05444849720323799,
        0.29207292364372317,
        0.9548448923393354
      ]
    ],
    "fx": 3844.898776958602,
    "fy": 3852.356179237937
  },
  {
    "id": 35,
    "img_name": "frame0035",
    "width": 5187,
    "height": 3361,
    "position": [
      0.1271678314392192,
      2.899894715898506,
      -3.0461967125516405
    ],
    "rotation": [
      [
        0.9975664354167099,
        -0.022994205757774513,
        0.06582152711361579
      ],
      [
        0.04118153561646912,
        0.9561020991282195,
        -0.2901255886110045
      ],
      [
        -0.05626089276103619,
        0.2921301808170143,
        0.954722299625158
      ]
    ],
    "fx": 3844.898776958602,
    "fy": 3852.356179237937
  },
  {
    "id": 36,
    "img_name": "frame0036",
    "width": 5187,
    "height": 3361,
    "position": [
      0.12151209042060657,
      2.897155128768428,
      -3.0410779042250313
    ],
    "rotation": [
      [
        0.997424128761082,
        -0.02334520600456143,
        0.06782410133426786
      ],
      [
        0.04210263550496521,
        0.9560759017199445,
        -0.2900797101383188
      ],
      [
        -0.058073018250582524,
        0.2921880755729084,
        0.95459606800168
      ]
    ],
    "fx": 3844.898776958602,
    "fy": 3852.356179237937
  },
  {
    "id": 37,
    "img_name": "frame0037",
    "width": 5187,
    "height": 3361,
    "position": [
      0.11585634940199385,
      2.89441554163835,
      -3.0359590958984217
    ],
    "rotation": [
      [
        0.9972776794280027,
        -0.02369607614031244,
        0.06982639966553109
      ],
      [
        0.04302363212912762,
        0.9560493796245038,
        -0.29003198237094313
      ],
      [
        -0.05988486614425603,
        0.29224660767090876,
        0.9544661979932713
      ]
    ],
    "fx": 3844.898776958602,
    "fy": 3852.356179237937
  },
  {
    "id": 38,
    "img_name": "frame0038",
    "width": 5187,
    "height": 3361,
    "position": [
      0.11020060838338125,
      2.891675954508272,
      -3.0308402875718126
    ],
    "rotation": [
      [
        0.9971270880258264,
        -0.024046814707502973,
        0.07182841378980102
      ],
      [
        0.04394452166311011,
        0.9560225329520707,
        -0.28998240550714
      ],
      [
        -0.06169642891558884,
        0.29230577686787157,
        0.9543326901394156
      ]
    ],
    "fx": 3844.898776958602,
    "fy": 3852.356179237937
  },
  {
    "id": 39,
    "img_name": "frame0039",
    "width": 5187,
    "height": 3361,
    "position": [
      0.10454486736476859,
      2.8889363673781947,
      -3.0257214792452034
    ],
    "rotation": [
      [
        0.9969723551801143,
        -0.024397420249155054,
        0.07383013539065401
      ],
      [
        0.04486530028151132,
        0.9559953618141673,
        -0.2899309797528531
      ],
      [
        -0.06350769903929761,
        0.2923655829180063,
        0.9541955449947084
      ]
    ],
    "fx": 3844.898776958602,
    "fy": 3852.356179237937
  },
  {
    "id": 40,
    "img_name": "frame0040",
    "width": 5187,
    "height": 3361,
    "position": [
      0.09888912634615596,
      2.8861967802481168,
      -3.020602670918594
    ],
    "rotation": [
      [
        0.9968134815336308,
        -0.024747891308843258,
        0.07583155615288137
      ],
      [
        0.0457859641593906,
        0.9559678663236632,
        -0.2898777053217064
      ],
      [
        -0.06531866899131455,
        0.29242602557287667,
        0.9540547631288544
      ]
    ],
    "fx": 3844.898776958602,
    "fy": 3852.356179237937
  },
  {
    "id": 41,
    "img_name": "frame0041",
    "width": 5187,
    "height": 3361,
    "position": [
      0.09323338532754333,
      2.8834571931180393,
      -3.0154838625919846
    ],
    "rotation": [
      [
        0.9966504677463419,
        -0.025098226430700782,
        0.07783266776252425
      ],
      [
        0.04670650947228397,
        0.9559400465947754,
        -0.2898225824350037
      ],
      [
        -0.06712933124881891,
        0.2924871045814026,
        0.9539103451266656
      ]
    ],
    "fx": 3844.898776958602,
    "fy": 3852.356179237937
  },
  {
    "id": 42,
    "img_name": "frame0042",
    "width": 5187,
    "height": 3361,
    "position": [
      0.0875776443089307,
      2.8807176059879613,
      -3.010365054265375
    ],
    "rotation": [
      [
        0.996483314495411,
        -0.025448424159425588,
        0.0798334619069079
      ],
      [
        0.047626932396219936,
        0.9559119027430677,
        -0.2897656113217266
      ],
      [
        -0.06893967829026798,
        0.2925488196898597,
        0.9537622915880584
      ]
    ],
    "fx": 3844.898776958602,
    "fy": 3852.356179237937
  },
  {
    "id": 43,
    "img_name": "frame0043",
    "width": 5187,
    "height": 3361,
    "position": [
      0.08192190329031798,
      2.8779780188578834,
      -3.005246245938766
    ],
    "rotation": [
      [
        0.996312022475198,
        -0.025798483040286285,
        0.08183393027467648
      ],
      [
        0.04854722910773543,
        0.9558834348854506,
        -0.28970679221853524
      ],
      [
        -0.07074970259542859,
        0.2926111706418819,
        0.9536106031280513
      ]
    ],
    "fx": 3844.898776958602,
    "fy": 3852.356179237937
  },
  {
    "id": 44,
    "img_name": "frame0044",
    "width": 5187,
    "height": 3361,
    "position": [
      0.07626616227170535,
      2.8752384317278055,
      -3.0001274376121563
    ],
    "rotation": [
      [
        0.9961365923972546,
        -0.026148401619128323,
        0.08383406455582727
      ],
      [
        0.049467395783891685,
        0.9558546431401805,
        -0.2896461253697654
      ],
      [
        -0.07255939664540813,
        0.29267415717846157,
        0.9534552803767629
      ]
    ],
    "fx": 3844.898776958602,
    "fy": 3852.356179237937
  },
  {
    "id": 45,
    "img_name": "frame0045",
    "width": 5187,
    "height": 3361,
    "position": [
      0.07061042125309272,
      2.872498844597728,
      -2.995008629285547
    ],
    "rotation": [
      [
        0.9959570249903223,
        -0.02649817844237993,
        0.08583385644174547
      ],
      [
        0.050387428602290056,
        0.9558255276268591,
        -0.28958361102742924
      ],
      [
        -0.0743687529226859,
        0.29273777903795084,
        0.953296323979408
      ]
    ],
    "fx": 3844.898776958602,
    "fy": 3852.356179237937
  },
  {
    "id": 46,
    "img_name": "frame0046",
    "width": 5187,
    "height": 3361,
    "position": [
      0.06495468023448006,
      2.86975925746765,
      -2.9898898209589375
    ],
    "rotation": [
      [
        0.9957733210003294,
        -0.026847812057058242,
        0.08783329762523862
      ],
      [
        0.05130732374108804,
        0.9557960884664332,
        -0.2895192494512129
      ],
      [
        -0.07617776391114439,
        0.29280203595606247,
        0.9531337345962961
      ]
    ],
    "fx": 3844.898776958602,
    "fy": 3852.356179237937
  },
  {
    "id": 47,
    "img_name": "frame0047",
    "width": 5187,
    "height": 3361,
    "position": [
      0.05929893921586743,
      2.8670196703375725,
      -2.9847710126323284
    ],
    "rotation": [
      [
        0.9955854811903875,
        -0.027197301010775214,
        0.08983237980057095
      ],
      [
        0.05222707737901496,
        0.9557663257811935,
        -0.28945304090847634
      ],
      [
        -0.07798642209610034,
        0.29286692766587175,
        0.9529675129028282
      ]
    ],
    "fx": 3844.898776958602,
    "fy": 3852.356179237937
  },
  {
    "id": 48,
    "img_name": "frame0048",
    "width": 5187,
    "height": 3361,
    "position": [
      0.05364319819725474,
      2.8642800832074946,
      -2.9796522043057188
    ],
    "rotation": [
      [
        0.9953935063407883,
        -0.027546643851743803,
        0.09183109466349812
      ],
      [
        0.05314668569538799,
        0.9557362396947753,
        -0.2893849856742516
      ],
      [
        -0.07979471996433604,
        0.29293245389781636,
        0.9527976595894938
      ]
    ],
    "fx": 3844.898776958602,
    "fy": 3852.356179237937
  },
  {
    "id": 49,
    "img_name": "frame0049",
    "width": 5187,
    "height": 3361,
    "position": [
      0.04798745717864211,
      2.8615404960774162,
      -2.9745333959791096
    ],
    "rotation": [
      [
        0.995197397249001,
        -0.027895839128783864,
        0.09382943391130166
      ],
      [
        0.054066144870127966,
        0.9557058303321572,
        -0.28931508403124206
      ],
      [
        -0.0816026500041307,
        0.29299861437969865,
        0.9526241753618686
      ]
    ],
    "fx": 3844.898776958602,
    "fy": 3852.356179237937
  },
  {
    "id": 50,
    "img_name": "frame0050",
    "width": 5187,
    "height": 3361,
    "position": [
      0.04233171616002945,
      2.8588009089473387,
      -2.9694145876525004
    ],
    "rotation": [
      [
        0.9949971547296682,
        -0.02824488539132827,
        0.09582738924282327
      ],
      [
        0.05498545108377524,
        0.9556750978196601,
        -0.2892433362698213
      ],
      [
        -0.08341020470529126,
        0.2930654088366859,
        0.9524470609406108
      ]
    ],
    "fx": 3844.898776958602,
    "fy": 3852.356179237937
  },
  {
    "id": 51,
    "img_name": "frame0051",
    "width": 5187,
    "height": 3361,
    "position": [
      0.03667597514141685,
      2.856061321817261,
      -2.964295779325891
    ],
    "rotation": [
      [
        0.9947927796146031,
        -0.028593781189428888,
        0.09782495235849964
      ],
      [
        0.055904600517505634,
        0.9556440422849481,
        -0.2891697426880315
      ],
      [
        -0.08521737655918404,
        0.2931328369913124,
        0.9522663170614588
      ]
    ],
    "fx": 3844.898776958602,
    "fy": 3852.356179237937
  },
  {
    "id": 52,
    "img_name": "frame0052",
    "width": 5187,
    "height": 3361,
    "position": [
      0.03102023412280419,
      2.8533217346871833,
      -2.9591769709992817
    ],
    "rotation": [
      [
        0.9945842727527858,
        -0.02894252507376264,
        0.09982211496039656
      ],
      [
        0.056823589353146166,
        0.9556126638570268,
        -0.2890943035915824
      ],
      [
        -0.0870241580587656,
        0.2932008985634792,
        0.9520819444752281
      ]
    ],
    "fx": 3844.898776958602,
    "fy": 3852.356179237937
  },
  {
    "id": 53,
    "img_name": "frame0053",
    "width": 5187,
    "height": 3361,
    "position": [
      0.025364493104191477,
      2.8505821475571054,
      -2.954058162672672
    ],
    "rotation": [
      [
        0.99437163501036,
        -0.029291115595637462,
        0.10181886875224364
      ],
      [
        0.05774241377319099,
        0.9555809626662431,
        -0.28901701929385026
      ],
      [
        -0.08883054169861407,
        0.2932695932704569,
        0.9518939439478075
      ]
    ],
    "fx": 3844.898776958602,
    "fy": 3852.356179237937
  },
  {
    "id": 54,
    "img_name": "frame0054",
    "width": 5187,
    "height": 3361,
    "position": [
      0.019708752085578873,
      2.847842560427028,
      -2.948939354346063
    ],
    "rotation": [
      [
        0.9941548672706284,
        -0.0296395513069984,
        0.10381520543946868
      ],
      [
        0.05866106996081728,
        0.9555489388442844,
        -0.2889378901158762
      ],
      [
        -0.0906365199749603,
        0.29333892082688556,
        0.9517023162601564
      ]
    ],
    "fx": 3844.898776958602,
    "fy": 3852.356179237937
  },
  {
    "id": 55,
    "img_name": "frame0055",
    "width": 5187,
    "height": 3361,
    "position": [
      0.014053011066966214,
      2.8451029732969495,
      -2.9438205460194533
    ],
    "rotation": [
      [
        0.9939339704340507,
        -0.029987830760433577,
        0.10581111672923227
      ],
      [
        0.05957955409990109,
        0.9555165925241788,
        -0.2888569163863652
      ],
      [
        -0.0924420853857191,
        0.29340888094477674,
        0.951507062208302
      ]
    ],
    "fx": 3844.898776958602,
    "fy": 3852.356179237937
  },
  {
    "id": 56,
    "img_name": "frame0056",
    "width": 5187,
    "height": 3361,
    "position": [
      0.008397270048353611,
      2.842363386166872,
      -2.938701737692844
    ],
    "rotation": [
      [
        0.9937089454182386,
        -0.03033595250918021,
        0.10780659433046186
      ],
      [
        0.060497862375033046,
        0.9554839238402936,
        -0.2887740984416843
      ],
      [
        -0.09424723043052019,
        0.29347947333351404,
        0.9513081826033347
      ]
    ],
    "fx": 3844.898776958602,
    "fy": 3852.356179237937
  },
  {
    "id": 57,
    "img_name": "frame0057",
    "width": 5187,
    "height": 3361,
    "position": [
      0.0027415290297409523,
      2.839623799036794,
      -2.9335829293662345
    ],
    "rotation": [
      [
        0.9934797931579527,
        -0.030683915107130637,
        0.10980162995388663
      ],
      [
        0.061415990971534405,
        0.9554509329283358,
        -0.2886894366258616
      ],
      [
        -0.09605194761073958,
        0.2935506976998545,
        0.9511056782714067
      ]
    ],
    "fx": 3844.898776958602,
    "fy": 3852.356179237937
  },
  {
    "id": 58,
    "img_name": "frame0058",
    "width": 5187,
    "height": 3361,
    "position": [
      -0.002914211988871762,
      2.836884211906716,
      -2.928464121039625
    ],
    "rotation": [
      [
        0.9932465146050974,
        -0.0310317171088383,
        0.11179621531207187
      ],
      [
        0.06233393607547286,
        0.9554176199253502,
        -0.2886029312905848
      ],
      [
        -0.09785622942953076,
        0.2936225537479302,
        0.9508995500537262
      ]
    ],
    "fx": 3844.898776958602,
    "fy": 3852.356179237937
  },
  {
    "id": 59,
    "img_name": "frame0059",
    "width": 5187,
    "height": 3361,
    "position": [
      -0.008569953007484366,
      2.834144624776638,
      -2.923345312713016
    ],
    "rotation": [
      [
        0.9930091107287189,
        -0.031379357069523744,
        0.11379034211945292
      ],
      [
        0.06325169387367818,
        0.9553839849697201,
        -0.2885145827951994
      ],
      [
        -0.0996600683918555,
        0.2936950411792491,
        0.9506897988065559
      ]
    ],
    "fx": 3844.898776958602,
    "fy": 3852.356179237937
  },
  {
    "id": 60,
    "img_name": "frame0060",
    "width": 5187,
    "height": 3361,
    "position": [
      -0.01422569402609708,
      2.8314050376465603,
      -2.918226504386406
    ],
    "rotation": [
      [
        0.9927675825149996,
        -0.031726833545080685,
        0.11578400209237025
      ],
      [
        0.06416926055375835,
        0.9553500282011662,
        -0.28842439150670784
      ],
      [
        -0.10146345700451531,
        0.2937681596926963,
        0.9504764254012086
      ]
    ],
    "fx": 3844.898776958602,
    "fy": 3852.356179237937
  },
  {
    "id": 61,
    "img_name": "frame0061",
    "width": 5187,
    "height": 3361,
    "position": [
      -0.01988143504470974,
      2.8286654505164828,
      -2.913107696059797
    ],
    "rotation": [
      [
        0.9925219309672548,
        -0.03207414509208193,
        0.11777718694910351
      ],
      [
        0.06508663230411524,
        0.955315749760746,
        -0.28833235779976696
      ],
      [
        -0.10326638777618256,
        0.29384190898453544,
        0.9502594307240435
      ]
    ],
    "fx": 3844.898776958602,
    "fy": 3852.356179237937
  },
  {
    "id": 62,
    "img_name": "frame0062",
    "width": 5187,
    "height": 3361,
    "position": [
      -0.025537176063322342,
      2.825925863386405,
      -2.9079888877331874
    ],
    "rotation": [
      [
        0.9922721571059276,
        -0.03242129026778542,
        0.11976988840990593
      ],
      [
        0.06600380531396041,
        0.9552811497908527,
        -0.28823848205668756
      ],
      [
        -0.10506885321743134,
        0.2939162887484098,
        0.9500388156764624
      ]
    ],
    "fx": 3844.898776958602,
    "fy": 3852.356179237937
  },
  {
    "id": 63,
    "img_name": "frame0063",
    "width": 5187,
    "height": 3361,
    "position": [
      -0.031192917081935,
      2.823186276256327,
      -2.9028700794065783
    ],
    "rotation": [
      [
        0.9920182619685861,
        -0.0327682676301402,
        0.12176209819703894
      ],
      [
        0.06692077577333108,
        0.9552462284352159,
        -0.2881427646674322
      ],
      [
        -0.1068708458407689,
        0.29399129867534374,
        0.9498145811749068
      ]
    ],
    "fx": 3844.898776958602,
    "fy": 3852.356179237937
  },
  {
    "id": 64,
    "img_name": "frame0064",
    "width": 5187,
    "height": 3361,
    "position": [
      -0.036848658100547604,
      2.820446689126249,
      -2.8977512710799687
    ],
    "rotation": [
      [
        0.9917602466099177,
        -0.03311507573779238,
        0.12375380803480614
      ],
      [
        0.06783753987310573,
        0.9552109858388995,
        -0.28804520602961353
      ],
      [
        -0.10867235816066644,
        0.29406693845374393,
        0.9495867281508529
      ]
    ],
    "fx": 3844.898776958602,
    "fy": 3852.356179237937
  },
  {
    "id": 65,
    "img_name": "frame0065",
    "width": 5187,
    "height": 3361,
    "position": [
      -0.04250439911916032,
      2.8177071019961715,
      -2.8926324627533595
    ],
    "rotation": [
      [
        0.9914981121017256,
        -0.03346171315009123,
        0.1257450096495881
      ],
      [
        0.0687540938050202,
        0.9551754221483026,
        -0.287945806548493
      ],
      [
        -0.11047338269359039,
        0.2941432077694005,
        0.949355257550809
      ]
    ],
    "fx": 3844.898776958602,
    "fy": 3852.356179237937
  },
  {
    "id": 66,
    "img_name": "frame0066",
    "width": 5187,
    "height": 3361,
    "position": [
      -0.04816014013777298,
      2.8149675148660935,
      -2.88751365442675
    ],
    "rotation": [
      [
        0.9912318595329243,
        -0.03380817842709502,
        0.12773569476987656
      ],
      [
        0.06967043376168333,
        0.955139537511158,
        -0.2878445666369789
      ],
      [
        -0.11227391195803352,
        0.29422010630548856,
        0.9491201703363104
      ]
    ],
    "fx": 3844.898776958602,
    "fy": 3852.356179237937
  },
  {
    "id": 67,
    "img_name": "frame0067",
    "width": 5187,
    "height": 3361,
    "position": [
      -0.05381588115638558,
      2.812227927736016,
      -2.8823948461001407
    ],
    "rotation": [
      [
        0.990961490009534,
        -0.03415447012957715,
        0.12972585512630888
      ],
      [
        0.07058655593659281,
        0.9551033320765311,
        -0.28774148671562466
      ],
      [
        -0.11407393847454601,
        0.2942976337425695,
        0.9488814674839161
      ]
    ],
    "fx": 3844.898776958602,
    "fy": 3852.356179237937
  },
  {
    "id": 68,
    "img_name": "frame0068",
    "width": 5187,
    "height": 3361,
    "position": [
      -0.059471622174998184,
      2.809488340605938,
      -2.8772760377735316
    ],
    "rotation": [
      [
        0.9906870046546781,
        -0.03450058681903199,
        0.131715482451702
