    [
        {
        "id": 0,
        "img_name": "img_0",
        "width": 5187,
        "height": 3361,
        "position": [
            0.9469136188076993,
            2.8453961522277904,
            -2.9000367020907785
        ],
        "rotation": [
            [
                0.9940852457766717,
                0.035857406757635296,
                -0.10251229443218798
            ],
            [
                -0.06923971479030859,
                0.9364601836500376,
                -0.34387233994538446
            ],
            [
                0.08366831286793391,
                0.3489363402180086,
                0.9334040077663569
            ]
        ],
        "fx": 3844.898776958602,
        "fy": 3852.356179237937
    },
    {
        "id": 1,
        "img_name": "img_1",
        "width": 5187,
        "height": 3361,
        "position": [
            0.9569901687722966,
            2.8408961295075064,
            -2.891323336937491
        ],
        "rotation": [
            [
                0.9938007303866816,
                0.03632207846511518,
                -0.1050752820546879
            ],
            [
                -0.07055168463307651,
                0.9364774538648253,
                -0.3435584929054841
            ],
            [
                0.08592187523285105,
                0.34884191795872976,
                0.9332345607930225
            ]
        ],
        "fx": 3844.898776958602,
        "fy": 3852.356179237937
    },
    {
        "id": 2,
        "img_name": "img_2",
        "width": 5187,
        "height": 3361,
        "position": [
            0.9671425684394123,
            2.83658167672629,
            -2.882604426155095
        ],
        "rotation": [
            [
                0.9935093869617674,
                0.03678697898751414,
                -0.10763742934418842
            ],
            [
                -0.07186283138116903,
                0.9364940853147746,
                -0.34324125843070974
            ],
            [
                0.08817500814771675,
                0.3487485412930571,
                0.9330592803896935
            ]
        ],
        "fx": 3844.898776958602,
        "fy": 3852.356179237937
    },
    {
        "id": 3,
        "img_name": "img_3",
        "width": 5187,
        "height": 3361,
        "position": [
            0.977356355119947,
            2.83242183117026,
            -2.8738822367971535
        ],
        "rotation": [
            [
                0.9932112163186079,
                0.037252107323322396,
                -0.11019873084061989
            ],
            [
                -0.0731731522515806,
                0.9365100779823551,
                -0.3429206372958493
            ],
            [
                0.09042770680223298,
                0.3486562103912757,
                0.932878167096507
            ]
        ],
        "fx": 3844.898776958602,
        "fy": 3852.356179237937
    },
    {
        "id": 4,
        "img_name": "img_4",
        "width": 5187,
        "height": 3361,
        "position": [
            0.987620635029546,
            2.8283921984721956,
            -2.8651581831125474
        ],
        "rotation": [
            [
                0.9929062183657938,
                0.037717463719217525,
                -0.11275918792332709
            ],
            [
                -0.07448264795388869,
                0.9365254318825059,
                -0.3425966293631167
            ],
            [
                0.09267997240645928,
                0.3485649251935234,
                0.9326912208747774
            ]
        ],
        "fx": 3844.898776958602,
        "fy": 3852.356179237937
    },
    {
        "id": 5,
        "img_name": "img_5",
        "width": 5187,
        "height": 3361,
        "position": [
            0.99792708043401,
            2.8244734254244417,
            -2.8564331533292515
        ],
        "rotation": [
            [
                0.9925943927321904,
                0.03818304860992492,
                -0.11531880295713336
            ],
            [
                -0.07579131969245788,
                0.936540147021226,
                -0.34226923428815714
            ],
            [
                0.09493180704457413,
                0.3484746856286009,
                0.9324984414757409
            ]
        ],
        "fx": 3844.898776958602,
        "fy": 3852.356179237937
    },
    {
        "id": 6,
        "img_name": "img_6",
        "width": 5187,
        "height": 3361,
        "position": [
            1.008273725944212,
            2.820662380872242,
            -2.8477077500678547
        ],
        "rotation": [
            [
                0.9922757407475707,
                0.03864885973392794,
                -0.11787756345092487
            ],
            [
                -0.07709916106997429,
                0.9365542233091462,
                -0.3419384535718798
            ],
            [
                0.09718319973603669,
                0.34838549216502485,
                0.9322998296768483
            ]
        ],
        "fx": 3844.898776958602,
        "fy": 3852.356179237937
    },
    {
        "id": 7,
        "img_name": "img_7",
        "width": 5187,
        "height": 3361,
        "position": [
            1.0186611874023126,
            2.8169634034132107,
            -2.838982703154655
        ],
        "rotation": [
            [
                0.9919502690711719,
                0.03911488726452696,
                -0.12043541540557276
            ],
            [
                -0.07840614448252278,
                0.9365676604432163,
                -0.34160429416193916
            ],
            [
                0.09943410297122138,
                0.3482973466946991,
                0.9320953896138189
            ]
        ],
        "fx": 3844.898776958602,
        "fy": 3852.356179237937
    },
    {
        "id": 8,
        "img_name": "img_8",
        "width": 5187,
        "height": 3361,
        "position": [
            1.0290732454998306,
            2.813333177060156,
            -2.8302582039386754
        ],
        "rotation": [
            [
                0.9916179802736619,
                0.03958112764449895,
                -0.12299233932393347
            ],
            [
                -0.07971225997276156,
                0.9365804583292241,
                -0.34126675865072503
            ],
            [
                0.10168449958867765,
                0.3482102498763498,
                0.9318851229213714
            ]
        ],
        "fx": 3844.898776958602,
        "fy": 3852.356179237937
    },
    {
        "id": 9,
        "img_name": "img_9",
        "width": 5187,
        "height": 3361,
        "position": [
            1.0395068313993607,
            2.809763495172568,
            -2.8215342856505163
        ],
        "rotation": [
            [
                0.9912788727941442,
                0.04004758303344077,
                -0.12554834704268567
            ],
            [
                -0.08101751358575947,
                0.9365926170243424,
                -0.3409258454642771
            ],
            [
                0.1039344000071005,
                0.34812420131010213,
                0.9316690286068592
            ]
        ],
        "fx": 3844.898776958602,
        "fy": 3852.356179237937
    },
    {
        "id": 10,
        "img_name": "img_10",
        "width": 5187,
        "height": 3361,
        "position": [
            1.0499720810749795,
            2.8062844229216743,
            -2.8128116483505563
        ],
        "rotation": [
            [
                0.9909329506064996,
                0.04051424784650322,
                -0.12810340793175334
            ],
            [
                -0.08232188967482935,
                0.93660413637465,
                -0.34058155864264705
            ],
            [
                0.10618377726868578,
                0.3480392020402939,
                0.9314471091834269
            ]
        ],
        "fx": 3844.898776958602,
        "fy": 3852.356179237937
    },
    {
        "id": 11,
        "img_name": "img_11",
        "width": 5187,
        "height": 3361,
        "position": [
            1.060454432048098,
            2.802855154765366,
            -2.8040899400448653
        ],
        "rotation": [
            [
                0.9905802185297775,
                0.04098111562809999,
                -0.13065748665642843
            ],
            [
                -0.08362537020335903,
                0.9366150162240607,
                -0.3402339029648256
            ],
            [
                0.10843260026454356,
                0.3479552532372468,
                0.931219367750003
            ]
        ],
        "fx": 3844.898776958602,
        "fy": 3852.356179237937
    },
    {
        "id": 12,
        "img_name": "img_12",
        "width": 5187,
        "height": 3361,
        "position": [
            1.0709501451361305,
            2.7994648378407616,
            -2.7953689676665636
        ],
        "rotation": [
            [
                0.9902206755405328,
                0.04144818773934518,
                -0.13321059066446042
            ],
            [
                -0.08492795897261696,
                0.9366252566047695,
                -0.3398828774196275
            ],
            [
                0.11068087555206141,
                0.3478723546554124,
                0.9309858036468539
            ]
        ],
        "fx": 3844.898776958602,
        "fy": 3852.356179237937
    },
    {
        "id": 13,
        "img_name": "img_13",
        "width": 5187,
        "height": 3361,
        "position": [
            1.0814709247526673,
            2.796148679685209,
            -2.786649673697771
        ],
        "rotation": [
            [
                0.9898543255665765,
                0.041915459010901775,
                -0.13576269168311034
            ],
            [
                -0.08622964155485584,
                0.9366348573984624,
                -0.3395284858671738
            ],
            [
                0.11292857823653553,
                0.3477905072206753,
                0.930746419414729
            ]
        ],
        "fx": 3844.898776958602,
        "fy": 3852.356179237937
    },
    {
        "id": 14,
        "img_name": "img_14",
        "width": 5187,
        "height": 3361,
        "position": [
            1.0920015156808764,
            2.792861959384819,
            -2.777931149216398
        ],
        "rotation": [
            [
                0.9894811725029364,
                0.04238292450874705,
                -0.13831376277254637
            ],
            [
                -0.0875304042111709,
                0.9366438185063414,
                -0.3391707320624491
            ],
            [
                0.11517568459010011,
                0.34770971179292687,
                0.9305012176042576
            ]
        ],
        "fx": 3844.898776958602,
        "fy": 3852.356179237937
    },
    {
        "id": 15,
        "img_name": "img_15",
        "width": 5187,
        "height": 3361,
        "position": [
            1.102544848385278,
            2.789613469504033,
            -2.7692136240546708
        ],
        "rotation": [
            [
                0.9891012165632389,
                0.04285058396526209,
                -0.14086380247230643
            ],
            [
                -0.08883024619688897,
                0.9366521399232772,
                -0.33880961621026406
            ],
            [
                0.11742219332630921,
                0.3476299684184221,
                0.9302501983558161
            ]
        ],
        "fx": 3844.898776958602,
        "fy": 3852.356179237937
    },
    {
        "id": 16,
        "img_name": "img_16",
        "width": 5187,
        "height": 3361,
        "position": [
            1.1131037150985326,
            2.786412176481126,
            -2.76049747825991
        ],
        "rotation": [
            [
                0.9887144621859908,
                0.04331843189892588,
                -0.1434127808881937
            ],
            [
                -0.09012915227302762,
                0.9366598215502779,
                -0.33844514253605995
            ],
            [
                0.11966807810997278,
                0.3475512780343013,
                0.9299933645987276
            ]
        ],
        "fx": 3844.898776958602,
        "fy": 3852.356179237937
    },
    {
        "id": 17,
        "img_name": "img_17",
        "width": 5187,
        "height": 3361,
        "position": [
            1.1236683782754389,
            2.7832285519646676,
            -2.7517818628101116
        ],
        "rotation": [
            [
                0.988320911029809,
                0.043786466311584456,
                -0.1459606871357928
            ],
            [
                -0.09142711689352206,
                0.9366668633551956,
                -0.3380773125997757
            ],
            [
                0.1219133293505991,
                0.3474736409755343,
                0.9297307174357704
            ]
        ],
        "fx": 3844.898776958602,
        "fy": 3852.356179237937
    },
    {
        "id": 18,
        "img_name": "img_18",
        "width": 5187,
        "height": 3361,
        "position": [
            1.134248457661375,
            2.780092291710198,
            -2.743067760000864
        ],
        "rotation": [
            [
                0.9879205659079328,
                0.04425468383794041,
                -0.14850750288976647
            ],
            [
                -0.09272413072202268,
                0.9366732652858,
                -0.3377061290382335
            ],
            [
                0.1241579309004144,
                0.3473970578030486,
                0.9294622587412614
            ]
        ],
        "fx": 3844.898776958602,
        "fy": 3852.356179237937
    },
    {
        "id": 19,
        "img_name": "img_19",
        "width": 5187,
        "height": 3361,
        "position": [
            1.1448338630874118,
            2.7769725572166157,
            -2.734354224165793
        ],
        "rotation": [
            [
                0.9875134304081704,
                0.04472308028980948,
                -0.151053205371083
            ],
            [
                -0.09402018215828058,
                0.9366790272854782,
                -0.3373315951749118
            ],
            [
                0.12640186268311088,
                0.3473215292007764,
                0.9291879909223464
            ]
        ],
        "fx": 3844.898776958602,
        "fy": 3852.356179237937
    },
    {
        "id": 20,
        "img_name": "img_20",
        "width": 5187,
        "height": 3361,
        "position": [
            1.1554287610286247,
            2.7738822763195254,
            -2.725641698839633
        ],
        "rotation": [
            [
                0.9870995062325444,
                0.04519165370907042,
                -0.1535977839374849
            ],
            [
                -0.09531526578417925,
                0.9366841493301433,
                -0.33695371257554096
            ],
            [
                0.12864511531797768,
                0.3472470554844634,
                0.9289079151255972
            ]
        ],
        "fx": 3844.898776958602,
        "fy": 3852.356179237937
    },
    {
        "id": 21,
        "img_name": "img_21",
        "width": 5187,
        "height": 3361,
        "position": [
            1.1660310156336382,
            2.770815020623764,
            -2.7169300110416392
        ],
        "rotation": [
            [
                0.9866787972495011,
                0.04566039971350605,
                -0.15614121479058887
            ],
            [
                -0.09660936948718153,
                0.9366886313716329,
                -0.3365724847728812
            ],
            [
                0.13088766782493305,
                0.3471736373510437,
                0.9286220339680513
            ]
        ],
        "fx": 3844.898776958602,
        "fy": 3852.356179237937
    },
    {
        "id": 22,
        "img_name": "img_22",
        "width": 5187,
        "height": 3361,
        "position": [
            1.1766386962822168,
            2.767764747591462,
            -2.708218940978047
        ],
        "rotation": [
            [
                0.9862513054442362,
                0.046129316091248304,
                -0.15868348592873058
            ],
            [
                -0.09790248716081154,
                0.9366924733887975,
                -0.3361879135658288
            ],
            [
                0.13312950962206468,
                0.3471012751469545,
                0.9283303487986933
            ]
        ],
        "fx": 3844.898776958602,
        "fy": 3852.356179237937
    },
    {
        "id": 23,
        "img_name": "img_23",
        "width": 5187,
        "height": 3361,
        "position": [
            1.1872545629776519,
            2.7647402900611744,
            -2.699508856072433
        ],
        "rotation": [
            [
                0.9858170344965641,
                0.046598398800841004,
                -0.1612245754393484
            ],
            [
                -0.09919460765904262,
                0.9366956753480776,
                -0.3358000022666615
            ],
            [
                0.1353706213865146,
                0.347029969496619,
                0.9280328621275069
            ]
        ],
        "fx": 3844.898776958602,
        "fy": 3852.356179237937
    },
    {
        "id": 24,
        "img_name": "img_24",
        "width": 5187,
        "height": 3361,
        "position": [
            1.1978731923348889,
            2.761724544855965,
            -2.690799103642111
        ],
        "rotation": [
            [
                0.985375986858973,
                0.047067645193200905,
                -0.1637644689719725
            ],
            [
                -0.10048572368479373,
                0.9366982372313902,
                -0.33540875306605805
            ],
            [
                0.13761099046189768,
                0.3469597208027263,
                0.9277295756345091
            ]
        ],
        "fx": 3844.898776958602,
        "fy": 3852.356179237937
    },
    {
        "id": 25,
        "img_name": "img_25",
        "width": 5187,
        "height": 3361,
        "position": [
            1.2084999665169427,
            2.7587346533576245,
            -2.682090377431586
        ],
        "rotation": [
            [
                0.9849281659628291,
                0.04753705161370428,
                -0.16630314674405233
            ],
            [
                -0.10177582518169005,
                0.9367001590184305,
                -0.33501416900942005
            ],
            [
                0.13985059939875139,
                0.3468905296129879,
                0.9274204916786526
            ]
        ],
        "fx": 3844.898776958602,
        "fy": 3852.356179237937
    },
    {
        "id": 26,
        "img_name": "img_26",
        "width": 5187,
        "height": 3361,
        "position": [
            1.2191278815915387,
            2.7557483833369734,
            -2.67338179496958
        ],
        "rotation": [
            [
                0.9844735746650921,
                0.04800661506768359,
                -0.16884059255960537
            ],
            [
                -0.10306490391928132,
                0.9367014406969388,
                -0.3346162526140711
            ],
            [
                0.1420894339090593,
                0.3468223963688211,
                0.927105612231799
            ]
        ],
        "fx": 3844.898776958602,
        "fy": 3852.356179237937
    },
    {
        "id": 27,
        "img_name": "img_27",
        "width": 5187,
        "height": 3361,
        "position": [
            1.229763294074092,
            2.752786044647663,
            -2.664674193460262
        ],
        "rotation": [
            [
                0.9840122162454665,
                0.048476332165332335,
                -0.1713767881000267
            ],
            [
                -0.10435295059118943,
                0.9367020822574667,
                -0.33421500675161875
            ],
            [
                0.1443274778300796,
                0.34675532156241345,
                0.9267849395653476
            ]
        ],
        "fx": 3844.898776958602,
        "fy": 3852.356179237937
    },
    {
        "id": 28,
        "img_name": "img_28",
        "width": 5187,
        "height": 3361,
        "position": [
            1.240399060111561,
            2.7498248357211934,
            -2.655966638547369
        ],
        "rotation": [
            [
                0.9835440938417614,
                0.04894619971214238,
                -0.17391171611690617
            ],
            [
                -0.10563995643754712,
                0.9367020836956654,
                -0.33381043415097506
            ],
            [
                0.1465647159410941,
                0.3466893056499112,
                0.9264584758602934
            ]
        ],
        "fx": 3844.898776958602,
        "fy": 3852.356179237937
    },
    {
        "id": 29,
        "img_name": "img_29",
        "width": 5187,
        "height": 3361,
        "position": [
            1.251041117390411,
            2.746883801748555,
            -2.6472599323956665
        ],
        "rotation": [
            [
                0.9830692106968668,
                0.049416214452563334,
                -0.17644535904641295
            ],
            [
                -0.10692591254100521,
                0.9367014450114703,
                -0.3334025376150091
            ],
            [
                0.14880113274091164,
                0.34662434908880896,
                0.9261262233781032
            ]
        ],
        "fx": 3844.898776958602,
        "fy": 3852.356179237937
    },
    {
        "id": 30,
        "img_name": "img_30",
        "width": 5187,
        "height": 3361,
        "position": [
            1.2616832862651313,
            2.7439431270069568,
            -2.638553241672157
        ],
        "rotation": [
            [
                0.982587570102632,
                0.049886373128502706,
                -0.17897769932561203
            ],
            [
                -0.1082108099874573,
                0.9367001662093092,
                -0.33299131997122167
            ],
            [
                0.15103671272693595,
                0.3465604523293771,
                0.9257881844219231
            ]
        ],
        "fx": 3844.898776958602,
        "fy": 3852.356179237937
    },
    {
        "id": 31,
        "img_name": "img_31",
        "width": 5187,
        "height": 3361,
        "position": [
            1.2723304294014168,
            2.741018464588715,
            -2.6298472386431317
        ],
        "rotation": [
            [
                0.9820991753674699,
                0.05035667251041717,
                -0.18150871955973344
            ],
            [
                -0.10949463995087944,
                0.9366982472979661,
                -0.3325767840442867
            ],
            [
                0.15327144054285802,
                0.34649761581052546,
                0.9254443613137596
            ]
        ],
        "fx": 3844.898776958602,
        "fy": 3852.356179237937
    },
    {
        "id": 32,
        "img_name": "img_32",
        "width": 5187,
        "height": 3361,
        "position": [
            1.2829775725377028,
            2.7380938021704733,
            -2.6211412356141066
        ],
        "rotation": [
            [
                0.9816040298694366,
                0.05082710934525916,
                -0.18403840224172535
            ],
            [
                -0.11077739355101834,
                0.9366956882906997,
                -0.33215893270146174
            ],
            [
                0.15550530073108612,
                0.3464358399669182,
                0.9250947564316934
            ]
        ],
        "fx": 3844.898776958602,
        "fy": 3852.356179237937
    },
    {
        "id": 33,
        "img_name": "img_33",
        "width": 5187,
        "height": 3361,
        "position": [
            1.2936285770357228,
            2.7351816068575343,
            -2.612435776611518
        ],
        "rotation": [
            [
                0.9811021370270199,
                0.05129768038515638,
                -0.18656672990680034
            ],
            [
                -0.1120590619318165,
                0.9366924892051791,
                -0.33173776882758493
            ],
            [
                0.15773827786917374,
                0.34637512522504793,
                0.9247393721894023
            ]
        ],
        "fx": 3844.898776958602,
        "fy": 3852.356179237937
    },
    {
        "id": 34,
        "img_name": "img_34",
        "width": 5187,
        "height": 3361,
        "position": [
            1.3042796078587129,
            2.7322694965395264,
            -2.6037303213178475
        ],
        "rotation": [
            [
                0.9805935003008313,
                0.05176838238546555,
                -0.1890936851218354
            ],
            [
                -0.11333963625601665,
                0.9366886500634627,
                -0.33131329532663234
            ],
            [
                0.15997035656047498,
                0.34631547200355023,
                0.9243782110373042
            ]
        ],
        "fx": 3844.898776958602,
        "fy": 3852.356179237937
    },
    {
        "id": 35,
        "img_name": "img_35",
        "width": 5187,
        "height": 3361,
        "position": [
            1.314933206284636,
            2.729365694690504,
            -2.5950252328345824
        ],
        "rotation": [
            [
                0.9800781232101372,
                0.052239212089500456,
                -0.19161925040340572
            ],
            [
                -0.11461910766362518,
                0.9366841708921245,
                -0.3308855151355015
            ],
            [
                0.1622015213617424,
                0.34625688071513344,
                0.9240112754742975
            ]
        ],
        "fx": 3844.898776958602,
        "fy": 3852.356179237937
    },
    {
        "id": 36,
        "img_name": "img_36",
        "width": 5187,
        "height": 3361,
        "position": [
            1.3255870035199062,
            2.726462536165757,
            -2.5863201727534255
        ],
        "rotation": [
            [
                0.9795560092962666,
                0.052710166262031885,
                -0.19414340839750696
            ],
            [
                -0.11589746736296583,
                0.9366790517219418,
                -0.33045443119361395
            ],
            [
                0.16443175694189643,
                0.34619935176239797,
                0.9236385680217185
            ]
        ],
        "fx": 3844.898776958602,
        "fy": 3852.356179237937
    },
    {
        "id": 37,
        "img_name": "img_37",
        "width": 5187,
        "height": 3361,
        "position": [
            1.3362422170385546,
            2.7235639674726,
            -2.5776153168921354
        ],
        "rotation": [
            [
                0.9790271621763912,
                0.05318124164029603,
                -0.1966661416167985
            ],
            [
                -0.11717470649757436,
                0.9366732925883781,
                -0.33002004648750055
            ],
            [
                0.16666104784988914,
                0.3461428855439079,
                0.9232600912616571
            ]
        ],
        "fx": 3844.898776958602,
        "fy": 3852.356179237937
    },
    {
        "id": 38,
        "img_name": "img_38",
        "width": 5187,
        "height": 3361,
        "position": [
            1.3468977249065097,
            2.7206663526942956,
            -2.568910503474312
        ],
        "rotation": [
            [
                0.9784915854872375,
                0.05365243498484595,
                -0.19918743271318384
            ],
            [
                -0.11845081628425125,
                0.936666893531037,
                -0.32958236400429736
            ],
            [
                0.16888937875554025,
                0.34608748244796517,
                0.9228758477967874
            ]
        ],
        "fx": 3844.898776958602,
        "fy": 3852.356179237937
    },
    {
        "id": 39,
        "img_name": "img_39",
        "width": 5187,
        "height": 3361,
        "position": [
            1.3575537257485508,
            2.7177703368288055,
            -2.5602057614970573
        ],
        "rotation": [
            [
                0.9779492829329139,
                0.05412374303677742,
                -0.20170726424868318
            ],
            [
                -0.11972578789704677,
                0.9366598545941673,
                -0.3291413867710954
            ],
            [
                0.17111673424707188,
                0.34603314285776704,
                0.9224858402845671
            ]
        ],
        "fx": 3844.898776958602,
        "fy": 3852.356179237937
    },
    {
        "id": 40,
        "img_name": "img_40",
        "width": 5187,
        "height": 3361,
        "position": [
            1.3682099440726732,
            2.7148750263449966,
            -2.5515010510367615
        ],
        "rotation": [
            [
                0.9774002582524596,
                0.05459516254654059,
                -0.20422561884969848
            ],
            [
                -0.12099961254535527,
                0.9366521758263016,
                -0.3286971178283207
            ],
            [
                0.17334309896743416,
                0.34597986714797135,
                0.922090071414
            ]
        ],
        "fx": 3844.898776958602,
        "fy": 3852.356179237937
    },
    {
        "id": 41,
        "img_name": "img_41",
        "width": 5187,
        "height": 3361,
        "position": [
            1.3788660343970234,
            2.7119793006411026,
            -2.54279632200915
        ],
        "rotation": [
            [
                0.9768445152366217,
                0.05506669025919054,
                -0.20674247912808771
            ],
            [
                -0.12227228143397045,
                0.9366438572804549,
                -0.32824956024344265
            ],
            [
                0.17556845754454936,
                0.345927655686428,
                0.9216885439176727
            ]
        ],
        "fx": 3844.898776958602,
        "fy": 3852.356179237937
    },
    {
        "id": 42,
        "img_name": "img_42",
        "width": 5187,
        "height": 3361,
        "position": [
            1.3895220099610173,
            2.7090832026646288,
            -2.5340915763347
        ],
        "rotation": [
            [
                0.9762820577201092,
                0.05553832292111733,
                -0.2092578277171464
            ],
            [
                -0.12354378578129115,
                0.9366348990140267,
                -0.32779871710467423
            ],
            [
                0.17779279462311734,
                0.3458765088334034,
                0.9212812605661843
            ]
        ],
        "fx": 3844.898776958602,
        "fy": 3852.356179237937
    },
    {
        "id": 43,
        "img_name": "img_43",
        "width": 5187,
        "height": 3361,
        "position": [
            1.4001776045857275,
            2.7061858695369536,
            -2.5253867755615875
        ],
        "rotation": [
            [
                0.9757128895896156,
                0.05601005727331304,
                -0.2117716472357032
            ],
            [
                -0.12481411680116965,
                0.9366253010889274,
                -0.3273445915274057
            ],
            [
                0.18001609483286546,
                0.34582642694231225,
                0.9208682241739551
            ]
        ],
        "fx": 3844.898776958602,
        "fy": 3852.356179237937
    },
    {
        "id": 44,
        "img_name": "img_44",
        "width": 5187,
        "height": 3361,
        "position": [
            1.4108324235264416,
            2.703286021344375,
            -2.5166818625943472
        ],
        "rotation": [
            [
                0.9751370147631606,
                0.05648189006846918,
                -0.21428392037921287
            ],
            [
                -0.12608326574894518,
                0.936615063571226,
                -0.32688718663773114
            ],
            [
                0.18223834286911542,
                0.3457774103579061,
                0.9204494375842301
            ]
        ],
        "fx": 3844.898776958602,
        "fy": 3852.356179237937
    },
    {
        "id": 45,
        "img_name": "img_45",
        "width": 5187,
        "height": 3361,
        "position": [
            1.4214870357985956,
            2.700385503773051,
            -2.5079769199317727
        ],
        "rotation": [
            [
                0.9745544372261917,
                0.056953818041200095,
                -0.21679462976114253
            ],
            [
                -0.12735122384129824,
                0.9366041865317758,
                -0.32642650560119685
            ],
            [
                0.18445952335249183,
                0.34572945941940747,
                0.9200249036953028
            ]
        ],
        "fx": 3844.898776958602,
        "fy": 3852.356179237937
    },
    {
        "id": 46,
        "img_name": "img_46",
        "width": 5187,
        "height": 3361,
        "position": [
            1.4321398168594413,
            2.697479055091897,
            -2.499271714150166
        ],
        "rotation": [
            [
                0.973965160986242,
                0.05742583794512739,
                -0.21930375811039768
            ],
            [
                -0.12861798235598354,
                0.9365926700453991,
                -0.32596255158681436
            ],
            [
                0.18667962100356103,
                0.3456825744566695,
                0.9195946254275285
            ]
        ],
        "fx": 3844.898776958602,
        "fy": 3852.356179237937
    },
    {
        "id": 47,
        "img_name": "img_47",
        "width": 5187,
        "height": 3361,
        "position": [
            1.442792597920286,
            2.694572606410743,
            -2.490566508368558
        ],
        "rotation": [
            [
                0.9733691901162909,
                0.057897946517641505,
                -0.22181128808380388
            ],
            [
                -0.12988353253711937,
                0.9365805141916884,
                -0.32549532780138946
            ],
            [
                0.1888986204769425,
                0.3456367557937797,
                0.919158605754905
            ]
        ],
        "fx": 3844.898776958602,
        "fy": 3852.356179237937
    },
    {
        "id": 48,
        "img_name": "img_48",
        "width": 5187,
        "height": 3361,
        "position": [
            1.4534429355891363,
            2.691658256915826,
            -2.481860955087308
        ],
        "rotation": [
            [
                0.9727665287484389,
                0.058370140485676424,
                -0.2243172022970929
            ],
            [
                -0.13114786561088668,
                0.936567719054948,
                -0.32502483748427385
            ],
            [
                0.19111650638868583,
                0.3455920037483409,
                0.9187168477005683
            ]
        ],
        "fx": 3844.898776958602,
        "fy": 3852.356179237937
    },
    {
        "id": 49,
        "img_name": "img_49",
        "width": 5187,
        "height": 3361,
        "position": [
            1.4640928240888598,
            2.6887424550130996,
            -2.473155337925146
        ],
        "rotation": [
            [
                0.9721571810032625,
                0.05884241662070153,
                -0.2268214836165784
            ],
            [
                -0.1324109729326606,
                0.9365542847226624,
                -0.3245510838523503
            ],
            [
                0.19333326357443895,
                0.34554831862633645,
                0.918269354284951
            ]
        ],
        "fx": 3844.898776958602,
        "fy": 3852.356179237937
    },
    {
        "id": 50,
        "img_name": "img_50",
        "width": 5187,
        "height": 3361,
        "position": [
            1.4747406239901002,
            2.685819914474881,
            -2.464449427809421
        ],
        "rotation": [
            [
                0.9715411511661906,
                0.05931477160179896,
                -0.2293241144330437
            ],
            [
                -0.1336728456207598,
                0.9365402112893626,
                -0.32407407023724605
            ],
            [
                0.19554887644672178,
                0.3455057007348403,
                0.9178161286552737
            ]
        ],
        "fx": 3844.898776958602,
        "fy": 3852.356179237937
    },
    {
        "id": 51,
        "img_name": "img_51",
        "width": 5187,
        "height": 3361,
        "position": [
            1.4853867863859245,
            2.682892090703815,
            -2.455743288011904
        ],
        "rotation": [
            [
                0.9709184433666527,
                0.05978720226263439,
                -0.23182507797061797
            ],
            [
                -0.1349334752164806,
                0.9365254988493864,
                -0.3235937998365233
            ],
            [
                0.19776333015362932,
                0.3454641503595324,
                0.9173571738496409
            ]
        ],
        "fx": 3844.898776958602,
        "fy": 3852.356179237937
    },
    {
        "id": 52,
        "img_name": "img_52",
        "width": 5187,
        "height": 3361,
        "position": [
            1.496031812329695,
            2.6799606103800473,
            -2.4470369915716494
        ],
        "rotation": [
            [
                0.9702890620329764,
                0.06025970524365502,
                -0.23432435644446908
            ],
            [
                -0.13619285275525103,
                0.9365101475073696,
                -0.32311027606554454
            ],
            [
                0.19997660894774982,
                0.3454236677958666,
                0.9168924931318823
            ]
        ],
        "fx": 3844.898776958602,
        "fy": 3852.356179237937
    },
    {
        "id": 53,
        "img_name": "img_53",
        "width": 5187,
        "height": 3361,
        "position": [
            1.5066734312732404,
            2.677018167978455,
            -2.438330225527915
        ],
        "rotation": [
            [
                0.9696530113683659,
                0.060732277389340415,
                -0.23682193316364095
