[
  {
    "id": 1500,
    "img_name": "frame1500",
    "width": 2014,
    "height": 1093,
    "position": [
      0.5441875298743415,
      0.3107604910456748,
      -3.8072711365244567
    ],
    "rotation": [
      [
        0.9615219674841584,
        0.029249476125153186,
        -0.2731665685837074
      ],
      [
        -0.031295766517964764,
        0.999505248875069,
        -0.003135676839163528
      ],
      [
        0.2729397022117637,
        0.011563979314696337,
        0.9619616381846852
      ]
    ],
    "fx": 2026.688149598699,
    "fy": 2094.686509917494
  },
  {
    "id": 1501,
    "img_name": "frame1501",
    "width": 2014,
    "height": 1093,
    "position": [
      0.5558170142017873,
      0.31046903829722294,
      -3.8055154723966718
    ],
    "rotation": [
      [
        0.9608789846769638,
        0.02938705259287247,
        -0.2754051160491961
      ],
      [
        -0.03143863264696496,
        0.9995010708600202,
        -0.0030367296492145816
      ],
      [
        0.27517846787758776,
        0.01157628997464117,
        0.9613234629025584
      ]
    ],
    "fx": 2026.688149598699,
    "fy": 2094.686509917494
  },
  {
    "id": 1502,
    "img_name": "frame1502",
    "width": 2014,
    "height": 1093,
    "position": [
      0.5674464985292331,
      0.31017758554877106,
      -3.803759808268887
    ],
    "rotation": [
      [
        0.960230769814376,
        0.029524599347618617,
        -0.27764215590405833
      ],
      [
        -0.03158126730305467,
        0.9994968709020634,
        -0.0029374500024617334
      ],
      [
        0.2774157390221828,
        0.011588921017357515,
        0.9606800740373611
      ]
    ],
    "fx": 2026.688149598699,
    "fy": 2094.686509917494
  },
  {
    "id": 1503,
    "img_name": "frame1503",
    "width": 2014,
    "height": 1093,
    "position": [
      0.5790759828566796,
      0.3098861328003192,
      -3.8020041441411014
    ],
    "rotation": [
      [
        0.959577326426949,
        0.029662115640232363,
        -0.2798776759640797
      ],
      [
        -0.03172366970936296,
        0.9994926490240746,
        -0.002837838439639432
      ],
      [
        0.27965150346007467,
        0.011601872374049405,
        0.960031475093362
      ]
    ],
    "fx": 2026.688149598699,
    "fy": 2094.686509917494
  },
  {
    "id": 1504,
    "img_name": "frame1504",
    "width": 2014,
    "height": 1093,
    "position": [
      0.5907054671841254,
      0.30959468005186724,
      -3.8002484800133165
    ],
    "rotation": [
      [
        0.9589186580737135,
        0.029799600721720273,
        -0.28211166405332255
      ],
      [
        -0.031865839090283794,
        0.999488405249048,
        -0.0027378955032899676
      ],
      [
        0.28188574901399466,
        0.011615143974176243,
        0.959377669603206
      ]
    ],
    "fx": 2026.688149598699,
    "fy": 2094.686509917494
  },
  {
    "id": 1505,
    "img_name": "frame1505",
    "width": 2014,
    "height": 1093,
    "position": [
      0.6023349515115717,
      0.30930322730341536,
      -3.798492815885531
    ],
    "rotation": [
      [
        0.9582547683421594,
        0.029937053843258968,
        -0.2843441080041935
      ],
      [
        -0.03200777467148038,
        0.9994841396000981,
        -0.0026376217377604627
      ],
      [
        0.2841184635149472,
        0.0116287357454532,
        0.9587186611278974
      ]
    ],
    "fx": 2026.688149598699,
    "fy": 2094.686509917494
  },
  {
    "id": 1506,
    "img_name": "frame1506",
    "width": 2014,
    "height": 1093,
    "position": [
      0.6139644358390177,
      0.3090117745549634,
      -3.796737151757746
    ],
    "rotation": [
      [
        0.9575856608482145,
        0.03007447425619911,
        -0.2865749956575097
      ],
      [
        -0.032149475679889315,
        0.9994798521004579,
        -0.00253701768919994
      ],
      [
        0.28634963480227577,
        0.011642647613851628,
        0.9580544532567776
      ]
    ],
    "fx": 2026.688149598699,
    "fy": 2094.686509917494
  },
  {
    "id": 1507,
    "img_name": "frame1507",
    "width": 2014,
    "height": 1093,
    "position": [
      0.6255939201664635,
      0.3087203218065116,
      -3.7949814876299603
    ],
    "rotation": [
      [
        0.956911339236226,
        0.030211861212069528,
        -0.2888043148625644
      ],
      [
        -0.03229094134372482,
        0.9994755427734795,
        -0.0024360839055563334
      ],
      [
        0.2885792507237288,
        0.011656879503599428,
        0.9573850496075077
      ]
    ],
    "fx": 2026.688149598699,
    "fy": 2094.686509917494
  },
  {
    "id": 1508,
    "img_name": "frame1508",
    "width": 2014,
    "height": 1093,
    "position": [
      0.6372234044939098,
      0.3084288690580597,
      -3.7932258235021754
    ],
    "rotation": [
      [
        0.9562318071789399,
        0.030349213962581275,
        -0.2910320534771939
      ],
      [
        -0.032432170892482945,
        0.999471211642634,
        -0.0023348209365734868
      ],
      [
        0.29080729913552644,
        0.011671431337181477,
        0.9567104538260476
      ]
    ],
    "fx": 2026.688149598699,
    "fy": 2094.686509917494
  },
  {
    "id": 1509,
    "img_name": "frame1509",
    "width": 2014,
    "height": 1093,
    "position": [
      0.6488528888213556,
      0.3081374163096078,
      -3.7914701593743905
    ],
    "rotation": [
      [
        0.9555470683774815,
        0.030486531759631685,
        -0.29325819936784314
      ],
      [
        -0.032573163556945735,
        0.9994668587315115,
        -0.0022332293337881965
      ],
      [
        0.2930337679024264,
        0.011686303035340061,
        0.9560306695866367
      ]
    ],
    "fx": 2026.688149598699,
    "fy": 2094.686509917494
  },
  {
    "id": 1510,
    "img_name": "frame1510",
    "width": 2014,
    "height": 1093,
    "position": [
      0.6604823731488016,
      0.3078459635611559,
      -3.789714495246605
    ],
    "rotation": [
      [
        0.9548571265613351,
        0.0306238138553085,
        -0.29548274040963207
      ],
      [
        -0.03271391856918547,
        0.9994624840638204,
        -0.0021313096505271942
      ],
      [
        0.2952586448977901,
        0.011701494517075311,
        0.9553457005917741
      ]
    ],
    "fx": 2026.688149598699,
    "fy": 2094.686509917494
  },
  {
    "id": 1511,
    "img_name": "frame1511",
    "width": 2014,
    "height": 1093,
    "position": [
      0.6721118574762479,
      0.307554510812704,
      -3.78795883111882
    ],
    "rotation": [
      [
        0.9541619854883233,
        0.03076105950189391,
        -0.29770566448642144
      ],
      [
        -0.032854435162568835,
        0.9994580876633875,
        -0.002029062441904099
      ],
      [
        0.2974819180036483,
        0.011717005699645604,
        0.9546555505721973
      ]
    ],
    "fx": 2026.688149598699,
    "fy": 2094.686509917494
  },
  {
    "id": 1512,
    "img_name": "frame1512",
    "width": 2014,
    "height": 1093,
    "position": [
      0.6837413418036937,
      0.30726305806425214,
      -3.7862031669910348
    ],
    "rotation": [
      [
        0.9534616489445873,
        0.03089826795186859,
        -0.2999269594908788
      ],
      [
        -0.03299471257176102,
        0.9994536695541583,
        -0.0019264882648164583
      ],
      [
        0.29970357511076773,
        0.011732836498568051,
        0.9539602232868635
      ]
    ],
    "fx": 2026.688149598699,
    "fy": 2094.686509917494
  },
  {
    "id": 1513,
    "img_name": "frame1513",
    "width": 2014,
    "height": 1093,
    "position": [
      0.6953708261311397,
      0.30697160531580026,
      -3.78444750286325
    ],
    "rotation": [
      [
        0.9527561207445655,
        0.031035438457915857,
        -0.3021466133245448
      ],
      [
        -0.03313475003273002,
        0.9994492297601962,
        -0.0018235876779426558
      ],
      [
        0.3019236041187167,
        0.011748986827618959,
        0.9532597225229277
      ]
    ],
    "fx": 2026.688149598699,
    "fy": 2094.686509917494
  },
  {
    "id": 1514,
    "img_name": "frame1514",
    "width": 2014,
    "height": 1093,
    "position": [
      0.707000310458586,
      0.3066801525673483,
      -3.7826918387354644
    ],
    "rotation": [
      [
        0.9520454047309732,
        0.031172570272925654,
        -0.3043646138978991
      ],
      [
        -0.03327454678275068,
        0.9994447683056832,
        -0.0017203612417388903
      ],
      [
        0.3041419929359315,
        0.011765456598834274,
        0.9525540520957227
      ]
    ],
    "fx": 2026.688149598699,
    "fy": 2094.686509917494
  },
  {
    "id": 1515,
    "img_name": "frame1515",
    "width": 2014,
    "height": 1093,
    "position": [
      0.718629794786032,
      0.30638869981889644,
      -3.780936174607679
    ],
    "rotation": [
      [
        0.9513295047747814,
        0.031309662649998675,
        -0.3065809491304254
      ],
      [
        -0.03341410206040892,
        0.9994402852149186,
        -0.0016168095184361493
      ],
      [
        0.3063587294797812,
        0.011782245722510083,
        0.9518432158487388
      ]
    ],
    "fx": 2026.688149598699,
    "fy": 2094.686509917494
  },
  {
    "id": 1516,
    "img_name": "frame1516",
    "width": 2014,
    "height": 1093,
    "position": [
      0.7302592791134778,
      0.3060972470704445,
      -3.779180510479894
    ],
    "rotation": [
      [
        0.9506084247751965,
        0.031446714842450464,
        -0.3087956069506781
      ],
      [
        -0.03355341510560588,
        0.9994357805123203,
        -0.0015129330720370943
      ],
      [
        0.3085738016766345,
        0.011799354107203099,
        0.9511272176536019
      ]
    ],
    "fx": 2026.688149598699,
    "fy": 2094.686509917494
  },
  {
    "id": 1517,
    "img_name": "frame1517",
    "width": 2014,
    "height": 1093,
    "position": [
      0.7418887634409241,
      0.3058057943219926,
      -3.7774248463521087
    ],
    "rotation": [
      [
        0.9498821686596371,
        0.031583726103815324,
        -0.31100857529634784
      ],
      [
        -0.03369248515956198,
        0.9994312542224231,
        -0.001408732468313031
      ],
      [
        0.31078719746192507,
        0.01181678165973114,
        0.9504060614100528
      ]
    ],
    "fx": 2026.688149598699,
    "fy": 2094.686509917494
  },
  {
    "id": 1518,
    "img_name": "frame1518",
    "width": 2014,
    "height": 1093,
    "position": [
      0.75351824776837,
      0.3055143415735408,
      -3.775669182224324
    ],
    "rotation": [
      [
        0.9491507403837154,
        0.03172069568785057,
        -0.31321984211432696
      ],
      [
        -0.033831311464821136,
        0.9994267063698801,
        -0.001304208274800817
      ],
      [
        0.3129989047802171,
        0.01183452828517366,
        0.9496797510459262
      ]
    ],
    "fx": 2026.688149598699,
    "fy": 2094.686509917494
  },
  {
    "id": 1519,
    "img_name": "frame1519",
    "width": 2014,
    "height": 1093,
    "position": [
      0.7651477320958159,
      0.30522288882508886,
      -3.773913518096539
    ],
    "rotation": [
      [
        0.9484141439312131,
        0.03185762284854051,
        -0.3154293953607753
      ],
      [
        -0.03396989326525488,
        0.9994221369794613,
        -0.001199361060799757
      ],
      [
        0.3152089115852712,
        0.011852593886872253,
        0.948948290517129
      ]
    ],
    "fx": 2026.688149598699,
    "fy": 2094.686509917494
  },
  {
    "id": 1520,
    "img_name": "frame1520",
    "width": 2014,
    "height": 1093,
    "position": [
      0.7767772164232621,
      0.304931436076637,
      -3.7721578539687535
    ],
    "rotation": [
      [
        0.9476723833140616,
        0.0319945068401005,
        -0.317637223001186
      ],
      [
        -0.03410822980606645,
        0.9994175460760545,
        -0.0010941913973685153
      ],
      [
        0.31741720584011035,
        0.011870978366431192,
        0.9482116838076194
      ]
    ],
    "fx": 2026.688149598699,
    "fy": 2094.686509917494
  },
  {
    "id": 1521,
    "img_name": "frame1521",
    "width": 2014,
    "height": 1093,
    "position": [
      0.7884067007507081,
      0.3046399833281851,
      -3.770402189840968
    ],
    "rotation": [
      [
        0.9469254625723186,
        0.032131346916981024,
        -0.31984331301045066
      ],
      [
        -0.03424632033379489,
        0.9994129336846643,
        -0.0009886998573220068
      ],
      [
        0.31962377551708443,
        0.011889681623717948,
        0.9474699349293839
      ]
    ],
    "fx": 2026.688149598699,
    "fy": 2094.686509917494
  },
  {
    "id": 1522,
    "img_name": "frame1522",
    "width": 2014,
    "height": 1093,
    "position": [
      0.8000361850781539,
      0.3043485305797332,
      -3.7686465257131827
    ],
    "rotation": [
      [
        0.9461733857741472,
        0.032268142333871756,
        -0.3220476533729253
      ],
      [
        -0.03438416409631922,
        0.9994082998304126,
        -0.0008828870152282706
      ],
      [
        0.32182860859793716,
        0.011908703556863758,
        0.9467230479224168
      ]
    ],
    "fx": 2026.688149598699,
    "fy": 2094.686509917494
  },
  {
    "id": 1523,
    "img_name": "frame1523",
    "width": 2014,
    "height": 1093,
    "position": [
      0.8116656694056003,
      0.30405707783128133,
      -3.7668908615853978
    ],
    "rotation": [
      [
        0.9454161570157935,
        0.03240489234570561,
        -0.32425023208249476
      ],
      [
        -0.03452176034286242,
        0.9994036445385378,
        -0.0007767534474053418
      ],
      [
        0.32403169307386964,
        0.011928044062264132,
        0.9459710268546971
      ]
    ],
    "fx": 2026.688149598699,
    "fy": 2094.686509917494
  },
  {
    "id": 1524,
    "img_name": "frame1524",
    "width": 2014,
    "height": 1093,
    "position": [
      0.8232951537330461,
      0.3037656250828294,
      -3.765135197457613
    ],
    "rotation": [
      [
        0.9446537804215637,
        0.032541596207662796,
        -0.32645103714264023
      ],
      [
        -0.034659108323995644,
        0.9993989678343954,
        -0.0006702997319181165
      ],
      [
        0.32623301694560836,
        0.011947703034579503,
        0.9452138758221675
      ]
    ],
    "fx": 2026.688149598699,
    "fy": 2094.686509917494
  },
  {
    "id": 1525,
    "img_name": "frame1525",
    "width": 2014,
    "height": 1093,
    "position": [
      0.834924638060492,
      0.3034741723343775,
      -3.7633795333298274
    ],
    "rotation": [
      [
        0.9438862601438028,
        0.0326782531751749,
        -0.3286500565665016
      ],
      [
        -0.03479620729164223,
        0.9993942697434577,
        -0.0005635264485751934
      ],
      [
        0.32843256822346745,
        0.011967680366735692,
        0.9444515989487112
      ]
    ],
    "fx": 2026.688149598699,
    "fy": 2094.686509917494
  },
  {
    "id": 1526,
    "img_name": "frame1526",
    "width": 2014,
    "height": 1093,
    "position": [
      0.8465541223879383,
      0.30318271958592563,
      -3.7616238692020425
    ],
    "rotation": [
      [
        0.9431136003628705,
        0.03281486250392888,
        -0.3308472783769456
      ],
      [
        -0.03493305649908173,
        0.9993895502913128,
        -0.0004564341789257409
      ],
      [
        0.3306303349274169,
        0.011987975949924587,
        0.9436842003861294
      ]
    ],
    "fx": 2026.688149598699,
    "fy": 2094.686509917494
  },
  {
    "id": 1527,
    "img_name": "frame1527",
    "width": 2014,
    "height": 1093,
    "position": [
      0.8581836067153842,
      0.3028912668374737,
      -3.759868205074257
    ],
    "rotation": [
      [
        0.9423358052871197,
        0.03295142344987122,
        -0.3330426906066296
      ],
      [
        -0.03506965520095412,
        0.9993848095036658,
        -0.0003490235062562786
      ],
      [
        0.33282630508714617,
        0.012008589673604684,
        0.9429116843141191
      ]
    ],
    "fx": 2026.688149598699,
    "fy": 2094.686509917494
  },
  {
    "id": 1528,
    "img_name": "frame1528",
    "width": 2014,
    "height": 1093,
    "position": [
      0.8698130910428304,
      0.3025998140890218,
      -3.7581125409464717
    ],
    "rotation": [
      [
        0.9415528791528729,
        0.033087935269211895,
        -0.33523628129806615
      ],
      [
        -0.03520600265326374,
        0.9993800474063378,
        -0.00024129501558757104
      ],
      [
        0.33502046674212915,
        0.012029521425501698,
        0.9421340549402508
      ]
    ],
    "fx": 2026.688149598699,
    "fy": 2094.686509917494
  },
  {
    "id": 1529,
    "img_name": "frame1529",
    "width": 2014,
    "height": 1093,
    "position": [
      0.8814425753702764,
      0.30230836134056993,
      -3.7563568768186864
    ],
    "rotation": [
      [
        0.9407648262243993,
        0.03322439721842844,
        -0.3374280385036902
      ],
      [
        -0.035342098113383354,
        0.9993752640252658,
        -0.00013324929367137823
      ],
      [
        0.33721280794169095,
        0.012050771091609194,
        0.9413513164999441
      ]
    ],
    "fx": 2026.688149598699,
    "fy": 2094.686509917494
  },
  {
    "id": 1530,
    "img_name": "frame1530",
    "width": 2014,
    "height": 1093,
    "position": [
      0.8930720596977223,
      0.30201690859211805,
      -3.7546012126909014
    ],
    "rotation": [
      [
        0.939971650793892,
        0.033360808554270045,
        -0.3396179502859219
      ],
      [
        -0.035477940840058265,
        0.999370459386503,
        -2.4886928987293347e-05
      ],
      [
        0.33940331674507085,
        0.012072338556189163,
        0.9405634732564464
      ]
    ],
    "fx": 2026.688149598699,
    "fy": 2094.686509917494
  },
  {
    "id": 1531,
    "img_name": "frame1531",
    "width": 2014,
    "height": 1093,
    "position": [
      0.9047015440251686,
      0.30172545584366617,
      -3.7528455485631165
    ],
    "rotation": [
      [
        0.9391733571814436,
        0.03349716853376154,
        -0.3418060047172332
      ],
      [
        -0.0356135300934103,
        0.9993656335162182,
        8.379148826046651e-05
      ],
      [
        0.34159198122148926,
        0.012094223701772716,
        0.9397705295008081
      ]
    ],
    "fx": 2026.688149598699,
    "fy": 2094.686509917494
  },
  {
    "id": 1532,
    "img_name": "frame1532",
    "width": 2014,
    "height": 1093,
    "position": [
      0.9163310283526145,
      0.30143400309521423,
      -3.751089884435331
    ],
    "rotation": [
      [
        0.9383699497350237,
        0.03363347641420748,
        -0.3439921898802123
      ],
      [
        -0.035748865134941785,
        0.999360786440696,
        0.00019278536614628517
      ],
      [
        0.34377878945021145,
        0.012116426409160656,
        0.9389724895518604
      ]
    ],
    "fx": 2026.688149598699,
    "fy": 2094.686509917494
  },
  {
    "id": 1533,
    "img_name": "frame1533",
    "width": 2014,
    "height": 1093,
    "position": [
      0.9279605126800605,
      0.3011425503467624,
      -3.749334220307546
    ],
    "rotation": [
      [
        0.9375614328304547,
        0.03376973145319619,
        -0.34617649386762794
      ],
      [
        -0.035883945227539744,
        0.9993559181863362,
        0.00030209411102636273
      ],
      [
        0.34596372952061283,
        0.012138946557424191,
        0.9381693577561913
      ]
    ],
    "fx": 2026.688149598699,
    "fy": 2094.686509917494
  },
  {
    "id": 1534,
    "img_name": "frame1534",
    "width": 2014,
    "height": 1093,
    "position": [
      0.9395899970075067,
      0.3008510975983105,
      -3.7475785561797608
    ],
    "rotation": [
      [
        0.9367478108713879,
        0.033905932908603824,
        -0.34835890478249576
      ],
      [
        -0.036018769635479723,
        0.9993510287796543,
        0.0004117171275419577
      ],
      [
        0.3481467895322444,
        0.012161784023905543,
        0.9373611384881215
      ]
    ],
    "fx": 2026.688149598699,
    "fy": 2094.686509917494
  },
  {
    "id": 1535,
    "img_name": "frame1535",
    "width": 2014,
    "height": 1093,
    "position": [
      0.9512194813349526,
      0.3005596448498586,
      -3.7458228920519754
    ],
    "rotation": [
      [
        0.9359290882892799,
        0.034042080038598294,
        -0.350539410738141
      ],
      [
        -0.036153337624429877,
        0.9993461182472806,
        0.0005216538186226033
      ],
      [
        0.3503279575948962,
        0.012184938684218632,
        0.9365478361496815
      ]
    ],
    "fx": 2026.688149598699,
    "fy": 2094.686509917494
  },
  {
    "id": 1536,
    "img_name": "frame1536",
    "width": 2014,
    "height": 1093,
    "position": [
      0.9628489656623986,
      0.3002681921014067,
      -3.7440672279241904
    ],
    "rotation": [
      [
        0.935105269543368,
        0.0341781721016435,
        -0.35271799985826546
      ],
      [
        -0.036287648461454984,
        0.9993411866159607,
        0.0006319035854894092
      ],
      [
        0.3525072218286638,
        0.012208410412249772,
        0.9357294551705868
      ]
    ],
    "fx": 2026.688149598699,
    "fy": 2094.686509917494
  },
  {
    "id": 1537,
    "img_name": "frame1537",
    "width": 2014,
    "height": 1093,
    "position": [
      0.9744784499898448,
      0.29997673935295477,
      -3.742311563796405
    ],
    "rotation": [
      [
        0.9342763591206468,
        0.034314208356503194,
        -0.3548946602770106
      ],
      [
        -0.036421701415020415,
        0.9993362339125555,
        0.0007424658276582573
      ],
      [
        0.3546845703640114,
        0.01223219908015833,
        0.9349060000082148
      ]
    ],
    "fx": 2026.688149598699,
    "fy": 2094.686509917494
  },
  {
    "id": 1538,
    "img_name": "frame1538",
    "width": 2014,
    "height": 1093,
    "position": [
      0.9861079343172908,
      0.2996852866045029,
      -3.74055589966862
    ],
    "rotation": [
      [
        0.9334423615358424,
        0.03445018806224517,
        -0.35706938013902295
      ],
      [
        -0.03655549575499615,
        0.9993312601640402,
        0.0008533399429431418
      ],
      [
        0.3568599913418378,
        0.012256304558377448,
        0.934077475147579
      ]
    ],
    "fx": 2026.688149598699,
    "fy": 2094.686509917494
  },
  {
    "id": 1539,
    "img_name": "frame1539",
    "width": 2014,
    "height": 1093,
    "position": [
      0.9977374186447365,
      0.299393833856051,
      -3.7388002355408347
    ],
    "rotation": [
      [
        0.9326032813313885,
        0.03458611047824514,
        -0.35924214759951784
      ],
      [
        -0.03668903075266067,
        0.9993262653975042,
        0.0009645253274593929
      ],
      [
        0.35903347291353976,
        0.012280726715614712,
        0.9332438851013056
      ]
    ],
    "fx": 2026.688149598699,
    "fy": 2094.686509917494
  },
  {
    "id": 1540,
    "img_name": "frame1540",
    "width": 2014,
    "height": 1093,
    "position": [
      1.009366902972183,
      0.2991023811075991,
      -3.73704457141305
    ],
    "rotation": [
      [
        0.9317591230774023,
        0.03472197486419092,
        -0.3614129508243457
      ],
      [
        -0.03682230568070507,
        0.9993212496401525,
        0.0010760213756270095
      ],
      [
        0.361205003241078,
        0.012305465418852926,
        0.9324052344096092
      ]
    ],
    "fx": 2026.688149598699,
    "fy": 2094.686509917494
  },
  {
    "id": 1541,
    "img_name": "frame1541",
    "width": 2014,
    "height": 1093,
    "position": [
      1.0209963872996286,
      0.29881092835914724,
      -3.735288907285265
    ],
    "rotation": [
      [
        0.9309098913716585,
        0.034857780480086316,
        -0.3635817779900542
      ],
      [
        -0.03695531981323683,
        0.9993162129193035,
        0.00118782748017391
      ],
      [
        0.36337457049704003,
        0.01233052053335076,
        0.9315615276402672
      ]
    ],
    "fx": 2026.688149598699,
    "fy": 2094.686509917494
  },
  {
    "id": 1542,
    "img_name": "frame1542",
    "width": 2014,
    "height": 1093,
    "position": [
      1.0326258716270746,
      0.2985194756106953,
      -3.733533243157479
    ],
    "rotation": [
      [
        0.9300555908395653,
        0.03499352658625529,
        -0.3657486172839541
      ],
      [
        -0.03708807242578396,
        0.9993111552623903,
        0.0012999430321392743
      ],
      [
        0.3655421628647058,
        0.01235589192264356,
        0.9307127693885956
      ]
    ],
    "fx": 2026.688149598699,
    "fy": 2094.686509917494
  },
  {
    "id": 1543,
    "img_name": "frame1543",
    "width": 2014,
    "height": 1093,
    "position": [
      1.044255355954521,
      0.2982280228622434,
      -3.731777579029694
    ],
    "rotation": [
      [
        0.9291962261341377,
        0.03512921244334592,
        -0.36791345690418364
      ],
      [
        -0.03722056279529884,
        0.9993060766969595,
        0.0014123674208768797
      ],
      [
        0.3677077685381117,
        0.012381579448544037,
        0.929858964277423
      ]
    ],
    "fx": 2026.688149598699,
    "fy": 2094.686509917494
  },
  {
    "id": 1544,
    "img_name": "frame1544",
    "width": 2014,
    "height": 1093,
    "position": [
      1.0558848402819667,
      0.29793657011379154,
      -3.7300219149019087
    ],
    "rotation": [
      [
        0.9283318019359744,
        0.03526483731233442,
        -0.370076285059772
      ],
      [
        -0.03735279020016214,
        0.9993009772506725,
        0.001525100034058353
      ],
      [
        0.36987137572211465,
        0.012407582971143053,
        0.9290001169570673
      ]
    ],
    "fx": 2026.688149598699,
    "fy": 2094.686509917494
  },
  {
    "id": 1545,
    "img_name": "frame1545",
    "width": 2014,
    "height": 1093,
    "position": [
      1.0675143246094128,
      0.29764511736533966,
      -3.7282662507741238
    ],
    "rotation": [
      [
        0.92746232295323,
        0.03540040045452917,
        -0.37223708997070376
      ],
      [
        -0.037484753920186804,
        0.9992958569513033,
        0.001638140257676576
      ],
      [
        0.3720329726324562,
        0.012433902348810345,
        0.9281362321053083
      ]
    ],
    "fx": 2026.688149598699,
    "fy": 2094.686509917494
  },
  {
    "id": 1546,
    "img_name": "frame1546",
    "width": 2014,
    "height": 1093,
    "position": [
      1.0729023741476336,
      0.29728475352094946,
      -3.72480716427728
    ],
    "rotation": [
      [
        0.9282476926478836,
        0.03525025752934232,
        -0.3702885907478048
      ],
      [
        -0.037327589399802026,
        0.9993018703054883,
        0.0015566224824373285
      ],
      [
        0.3700849526304468,
        0.012377049247219118,
        0.9289154625090768
      ]
    ],
    "fx": 2026.688149598699,
    "fy": 2094.686509917494
  },
  {
    "id": 1547,
    "img_name": "frame1547",
    "width": 2014,
    "height": 1093,
    "position": [
      1.0782904236858544,
      0.2969243896765592,
      -3.7213480777804353
    ],
    "rotation": [
      [
        0.9290289444113811,
        0.035099994554429546,
        -0.36833844603591687
      ],
      [
        -0.03717025306543834,
        0.99930785815924,
        0.0014754349336829706
      ],
      [
        0.36813529134399253,
        0.012320511493898168,
        0.9296906002878605
      ]
    ],
    "fx": 2026.688149598699,
    "fy": 2094.686509917494
  },
  {
    "id": 1548,
    "img_name": "frame1548",
    "width": 2014,
    "height": 1093,
    "position": [
      1.083678473224075,
      0.2965640258321689,
      -3.7178889912835915
    ],
    "rotation": [
      [
        0.9298060747778576,
        0.034949612196402066,
        -0.36638666448646096
      ],
      [
        -0.03701274561508648,
        0.9993138204859945,
        0.0013945779715855795
      ],
      [
        0.36618399742237007,
        0.012264289339665762,
        0.9304616420029184
      ]
    ],
    "fx": 2026.688149598699,
    "fy": 2094.686509917494
  },
  {
    "id": 1549,
    "img_name": "frame1549",
    "width": 2014,
    "height": 1093,
    "position": [
      1.0890665227622958,
      0.2962036619877787,
      -3.7144299047867477
    ],
    "rotation": [
      [
        0.9305790802997318,
        0.034799111122400646,
        -0.36443325475811966
      ],
      [
        -0.03685506774749623,
        0.9993197572593008,
        0.001314051954850651
      ],
      [
        0.3642310795220985,
        0.01220838303394007,
        0.9312285842336798
      ]
    ],
    "fx": 2026.688149598699,
    "fy": 2094.686509917494
  },
  {
    "id": 1550,
    "img_name": "frame1550",
    "width": 2014,
    "height": 1093,
    "position": [
      1.0944545723005166,
      0.29584329814338844,
      -3.7109708182899035
    ],
    "rotation": [
      [
        0.9313479575477217,
        0.03464849200009276,
        -0.36247822551679854
      ],
      [
        -0.03669722016217347,
        0.9993256684528217,
        0.0012338572407155062
      ],
      [
        0.3622765463069014,
        0.012152792824738062,
        0.9319914235777618
      ]
    ],
    "fx": 2026.688149598699,
    "fy": 2094.686509917494
  },
  {
    "id": 1551,
    "img_name": "frame1551",
    "width": 2014,
    "height": 1093,
    "position": [
      1.0998426218387374,
      0.29548293429899825,
      -3.7075117317930593
    ],
    "rotation": [
      [
        0.9321127031108595,
        0.034497755497669536,
        -0.3605215854355878
      ],
      [
        -0.03653920355937691,
        0.9993315540403332,
        0.001153994184947711
      ],
      [
        0.3603204064476688,
        0.012097518958674412,
        0.9327501566509819
      ]
    ],
    "fx": 2026.688149598699,
    "fy": 2094.686509917494
  },
  {
    "id": 1552,
    "img_name": "frame1552",
    "width": 2014,
    "height": 1093,
    "position": [
      1.1052306713769584,
      0.295122570454608,
      -3.7040526452962155
    ],
    "rotation": [
      [
        0.9328733135965069,
        0.03434690228384287,
        -0.3585633431947239
      ],
      [
        -0.03638101864011515,
        0.9993374139957257,
        0.0010744631418434921
      ],
      [
        0.3583626686224178,
        0.012042561680960403,
        0.9335047800873756
      ]
    ],
    "fx": 2026.688149598699,
    "fy": 2094.686509917494
  },
  {
    "id": 1553,
    "img_name": "frame1553",
    "width": 2014,
    "height": 1093,
    "position": [
      1.110618720915179,
      0.29476220661021774,
      -3.700593558799371
    ],
    "rotation": [
      [
        0.9336297856303701,
        0.03419593302784244,
        -0.3566035074815511
      ],
      [
        -0.03622266610614349,
        0.9993432482930024,
        0.000995264464226181
      ],
      [
        0.35640334151625486,
        0.011987921235402852,
        0.934255290539209
      ]
    ],
    "fx": 2026.688149598699,
    "fy": 2094.686509917494
  },
  {
    "id": 1554,
    "img_name": "frame1554",
    "width": 2014,
    "height": 1093,
    "position": [
      1.1160067704533998,
      0.2944018427658275,
      -3.697134472302527
    ],
    "rotation": [
      [
        0.9343821158565141,
        0.034044848399412665,
        -0.3546420869904824
      ],
      [
        -0.036064146659960765,
        0.9993490569062803,
        0.0009163985034446242
      ],
      [
        0.3544424338213368,
        0.011933597864402987,
        0.9350016846769946
      ]
    ],
    "fx": 2026.688149598699,
    "fy": 2094.686509917494
  },
  {
    "id": 1555,
    "img_name": "frame1555",
    "width": 2014,
    "height": 1093,
    "position": [
      1.1213948199916204,
      0.2940414789214372,
      -3.6936753858056828
    ],
    "rotation": [
      [
        0.935130300937379,
        0.03389364906880983,
        -0.3526790904229615
      ],
      [
        -0.03590546100480631,
        0.999354839809791,
        0.0008378656093716444
      ],
      [
        0.3524799542368323,
        0.011879591808955415,
        0.9357439591895067
      ]
    ],
    "fx": 2026.688149598699,
    "fy": 2094.686509917494
  },
  {
    "id": 1556,
    "img_name": "frame1556",
    "width": 2014,
    "height": 1093,
    "position": [
      1.1267828695298412,
      0.29368111507704703,
      -3.690216299308839
    ],
    "rotation": [
      [
        0.9358743375537933,
        0.033742335706799055,
        -0.35071452648742424
      ],
      [
        -0.03574660984465681,
        0.9993605969778797,
        0.0007596661304024761
      ],
      [
        0.3505159114688838,
        0.011825903308647037,
        0.9364821107837951
      ]
    ],
    "fx": 2026.688149598699,
    "fy": 2094.686509917494
  },
  {
    "id": 1557,
    "img_name": "frame1557",
    "width": 2014,
    "height": 1093,
    "position": [
      1.1321709190680622,
      0.29332075123265683,
      -3.686757212811995
    ],
    "rotation": [
      [
        0.93661422240499,
        0.033590908984651384,
        -0.3487484038992595
      ],
      [
        -0.0355875938842232,
        0.9993663283850062,
        0.0006818004134532358
      ],
      [
        0.3485503142305681,
        0.011772532601655984,
        0.9372161361852
      ]
    ],
    "fx": 2026.688149598699,
    "fy": 2094.686509917494
  },
  {
    "id": 1558,
    "img_name": "frame1558",
    "width": 2014,
    "height": 1093,
    "position": [
      1.1375589686062828,
      0.2929603873882666,
      -3.6832981263151505
    ],
    "rotation": [
      [
        0.9373499522086196,
        0.03343936957414067,
        -0.346780731380771
      ],
      [
        -0.03542841382894749,
        0.9993720340057436,
        0.0006042688039593624
      ],
      [
        0.3465831712418583,
        0.011719479924750564,
        0.9379460321373666
      ]
    ],
    "fx": 2026.688149598699,
    "fy": 2094.686509917494
  },
  {
    "id": 1559,
    "img_name": "frame1559",
    "width": 2014,
    "height": 1093,
    "position": [
      1.1429470181445036,
      0.29260002354387626,
      -3.6798390398183067
    ],
    "rotation": [
      [
        0.938081523700767,
        0.033287718147540765,
        -0.3448115176611382
      ],
      [
        -0.03526907038499967,
        0.999377713814781,
        0.0005270716458740977
      ],
      [
        0.3446144912295847,
        0.011666745513288194,
        0.9386717954022603
      ]
    ],
    "fx": 2026.688149598699,
    "fy": 2094.686509917494
  },
  {
    "id": 1560,
    "img_name": "frame1560",
    "width": 2014,
    "height": 1093,
    "position": [
      1.1483350676827244,
      0.29223965969948607,
      -3.6763799533214625
    ],
    "rotation": [
      [
        0.9388089336359632,
        0.03313595537762244,
        -0.3428407714763781
      ],
      [
        -0.035109564259274584,
        0.9993833677869203,
        0.00045020928166696235
      ],
      [
        0.3426442829273965,
        0.011614329601214396,
        0.9393934227601792
      ]
    ],
    "fx": 2026.688149598699,
    "fy": 2094.686509917494
  },
  {
    "id": 1561,
    "img_name": "frame1561",
    "width": 2014,
    "height": 1093,
    "position": [
      1.1537231172209452,
      0.2918792958550958,
      -3.6729208668246183
    ],
    "rotation": [
      [
        0.9395321787872019,
        0.03298408193765038,
        -0.3408685015693058
      ],
      [
        -0.03494989615938875,
        0.999388995897079,
        0.00037368205232222226
      ],
      [
        0.3406725550757228,
        0.011562232421061708,
        0.9401109110097702
      ]
    ],
    "fx": 2026.688149598699,
    "fy": 2094.686509917494
  },
  {
    "id": 1562,
    "img_name": "frame1562",
    "width": 2014,
    "height": 1093,
    "position": [
      1.159111166759166,
      0.2915189320107056,
      -3.669461780327774
    ],
    "rotation": [
      [
        0.9402512559459528,
        0.032832098501380295,
        -0.3388947166894964
      ],
      [
        -0.034790066793677306,
        0.9993945981202892,
        0.00029749029733739784
      ],
      [
        0.33869931642173395,
        0.011510454203948705,
        0.9408242569680423
      ]
    ],
    "fx": 2026.688149598699,
    "fy": 2094.686509917494
  },
  {
    "id": 1563,
    "img_name": "frame1563",
    "width": 2014,
    "height": 1093,
    "position": [
      1.1644992162973868,
      0.29115856816631536,
      -3.6660026938309307
    ],
    "rotation": [
      [
        0.9409661619221763,
        0.03268000574305581,
        -0.3369194255932457
      ],
      [
        -0.034630076871190754,
        0.9994001744316979,
        0.00022163435472173556
      ],
      [
        0.33672457571930237,
        0.011458995179578924,
        0.9415334574703812
      ]
    ],
    "fx": 2026.688149598699,
    "fy": 2094.686509917494
  },
  {
    "id": 1564,
    "img_name": "frame1564",
    "width": 2014,
    "height": 1093,
    "position": [
      1.1698872658356074,
      0.2907982043219251,
      -3.6625436073340865
    ],
    "rotation": [
      [
        0.941676893544337,
        0.032527804337405576,
        -0.33494263704353155
      ],
      [
        -0.034469927101691895,
        0.9994057248065669,
        0.00014611456099472044
      ],
      [
        0.3347483417289644,
        0.011407855576239878,
        0.9422385093705629
      ]
    ],
    "fx": 2026.688149598699,
    "fy": 2094.686509917494
  },
  {
    "id": 1565,
    "img_name": "frame1565",
    "width": 2014,
    "height": 1093,
    "position": [
      1.1752753153738282,
      0.29043784047753485,
      -3.6590845208372422
    ],
    "rotation": [
      [
        0.9423834476594184,
        0.032375494959640226,
        -0.332964359809975
      ],
      [
        -0.03430961819565268,
        0.9994112492202728,
        7.093125118458766e-05
      ],
      [
        0.3327706232178807,
        0.011357035620802036,
        0.9429394095407674
      ]
    ],
    "fx": 2026.688149598699,
    "fy": 2094.686509917494
  },
  {
    "id": 1566,
    "img_name": "frame1566",
    "width": 2014,
    "height": 1093,
    "position": [
      1.180663364912049,
      0.29007747663314465,
      -3.6556254343403984
    ],
    "rotation": [
      [
        0.9430858211329368,
        0.0322230782854494,
        -0.33098460266880125
      ],
      [
        -0.03414915086425102,
        0.999416747648308,
        -3.915241173178818e-06
      ],
      [
        0.33079142895979796,
        0.011306535538717813,
        0.9436361548715939
      ]
    ],
    "fx": 2026.688149598699,
    "fy": 2094.686509917494
  },
  {
    "id": 1567,
    "img_name": "frame1567",
    "width": 2014,
    "height": 1093,
    "position": [
      1.1860514144502698,
      0.2897171127887544,
      -3.6521663478435538
    ],
    "rotation": [
      [
        0.9437840108489547,
        0.0320705549909987,
        -0.32900337440280086
      ],
      [
        -0.033988525819367635,
        0.9994222200662796,
        -7.842458403731038e-05
      ],
      [
        0.32881076773500956,
        0.011256355554020566,
        0.944328742272073
      ]
    ],
    "fx": 2026.688149598699,
    "fy": 2094.686509917494
  },
  {
    "id": 1568,
    "img_name": "frame1568",
    "width": 2014,
