[
  {
    "id": 780,
    "img_name": "frame0780",
    "width": 2014,
    "height": 1093,
    "position": [
      -4.343002212817529,
      0.07559514555613636,
      0.012279297599724015
    ],
    "rotation": [
      [
        -0.3006474477144508,
        -0.045125609883734485,
        0.9526671987191583
      ],
      [
        0.09484020307643148,
        0.9925145216908757,
        0.07694322655798919
      ],
      [
        -0.9490081390921831,
        0.11348393527435424,
        -0.2941172357605693
      ]
    ],
    "fx": 2026.688149598699,
    "fy": 2094.686509917494
  },
  {
    "id": 781,
    "img_name": "frame0781",
    "width": 2014,
    "height": 1093,
    "position": [
      -4.343115098096771,
      0.07619768742912243,
      0.0015989517211366655
    ],
    "rotation": [
      [
        -0.2977522519431907,
        -0.0452446751846051,
        0.9535704042335826
      ],
      [
        0.09487133129542097,
        0.9925290791789716,
        0.07671673534749109
      ],
      [
        -0.9499173790182982,
        0.11330907444499795,
        -0.2912353458758478
      ]
    ],
    "fx": 2026.688149598699,
    "fy": 2094.686509917494
  },
  {
    "id": 782,
    "img_name": "frame0782",
    "width": 2014,
    "height": 1093,
    "position": [
      -4.343227983376012,
      0.07680022930210847,
      -0.00908139415745024
    ],
    "rotation": [
      [
        -0.29485431045652233,
        -0.04536320739289755,
        0.9544648317356895
      ],
      [
        0.09490177060680934,
        0.992543656778324,
        0.0764901518158094
      ],
      [
        -0.9508178529775836,
        0.11313385348401245,
        -0.2883507268153779
      ]
    ],
    "fx": 2026.688149598699,
    "fy": 2094.686509917494
  },
  {
    "id": 783,
    "img_name": "frame0783",
    "width": 2014,
    "height": 1093,
    "position": [
      -4.343340868655255,
      0.07740277117509452,
      -0.019761740036037034
    ],
    "rotation": [
      [
        -0.29195364995488676,
        -0.04548120541650477,
        0.955350472984591
      ],
      [
        0.09493152073014124,
        0.9925582543546199,
        0.07626347805059154
      ],
      [
        -0.9517095526734418,
        0.1129582740058115,
        -0.28546340515685326
      ]
    ],
    "fx": 2026.688149598699,
    "fy": 2094.686509917494
  },
  {
    "id": 784,
    "img_name": "frame0784",
    "width": 2014,
    "height": 1093,
    "position": [
      -4.3434537539344955,
      0.07800531304808059,
      -0.030442085914624273
    ],
    "rotation": [
      [
        -0.2890502971637764,
        -0.04559866816824154,
        0.9562273198203529
      ],
      [
        0.0949605813913113,
        0.9925728717733632,
        0.07603671614031635
      ],
      [
        -0.9525924698901188,
        0.11278233762811224,
        -0.28257340750286797
      ]
    ],
    "fx": 2026.688149598699,
    "fy": 2094.686509917494
  },
  {
    "id": 785,
    "img_name": "frame0785",
    "width": 2014,
    "height": 1093,
    "position": [
      -4.343566639213737,
      0.07860785492106663,
      -0.04112243179321107
    ],
    "rotation": [
      [
        -0.28614427883348975,
        -0.045715594565854376,
        0.9570953641640695
      ],
      [
        0.09498895232256653,
        0.9925875088998755,
        0.07580986817427479
      ],
      [
        -0.9534665964927788,
        0.11260604597192003,
        -0.2796807604806712
      ]
    ],
    "fx": 2026.688149598699,
    "fy": 2094.686509917494
  },
  {
    "id": 786,
    "img_name": "frame0786",
    "width": 2014,
    "height": 1093,
    "position": [
      -4.34367952449298,
      0.07921039679405267,
      -0.05180277767179797
    ],
    "rotation": [
      [
        -0.2832356217388842,
        -0.045831983532031564,
        0.957954598017937
      ],
      [
        0.09501663326250885,
        0.992602165599296,
        0.07558293624255072
      ],
      [
        -0.9543319244275786,
        0.11242940066151372,
        -0.2767854907419231
      ]
    ],
    "fx": 2026.688149598699,
    "fy": 2094.686509917494
  },
  {
    "id": 787,
    "img_name": "frame0787",
    "width": 2014,
    "height": 1093,
    "position": [
      -4.343792409772221,
      0.07981293866703873,
      -0.0624831235503851
    ],
    "rotation": [
      [
        -0.2803243526791293,
        -0.04594783399441304,
        0.9588050134653285
      ],
      [
        0.09504362395609747,
        0.9926168417365842,
        0.07535592243600157
      ],
      [
        -0.9551884457217428,
        0.1122524033244305,
        -0.2738876249624476
      ]
    ],
    "fx": 2026.688149598699,
    "fy": 2094.686509917494
  },
  {
    "id": 788,
    "img_name": "frame0788",
    "width": 2014,
    "height": 1093,
    "position": [
      -4.343905295051463,
      0.08041548054002477,
      -0.073163469428972
    ],
    "rotation": [
      [
        -0.27741049847746135,
        -0.04606314488560028,
        0.959646602670866
      ],
      [
        0.09506992415465129,
        0.9926315371765203,
        0.07512882884623925
      ],
      [
        -0.9560361524836368,
        0.11207505559145112,
        -0.27098718984198855
      ]
    ],
    "fx": 2026.688149598699,
    "fy": 2094.686509917494
  },
  {
    "id": 789,
    "img_name": "frame0789",
    "width": 2014,
    "height": 1093,
    "position": [
      -4.344018180330704,
      0.08101802241301083,
      -0.08384381530755891
    ],
    "rotation": [
      [
        -0.27449408598093483,
        -0.04617791514316618,
        0.9604793578804919
      ],
      [
        0.09509553361585099,
        0.992646251783706,
        0.07490165756561068
      ],
      [
        -0.9568750369028381,
        0.11189735909658455,
        -0.2680842121039624
      ]
    ],
    "fx": 2026.688149598699,
    "fy": 2094.686509917494
  },
  {
    "id": 790,
    "img_name": "frame0790",
    "width": 2014,
    "height": 1093,
    "position": [
      -4.344131065609947,
      0.08162056428599689,
      -0.09452416118614604
    ],
    "rotation": [
      [
        -0.27157514206017336,
        -0.04629214370966478,
        0.9613032714215427
      ],
      [
        0.09512045210374159,
        0.9926609854225674,
        0.07467441068717845
      ],
      [
        -0.9577050912502117,
        0.11171931547705319,
        -0.26517871849521063
      ]
    ],
    "fx": 2026.688149598699,
    "fy": 2094.686509917494
  },
  {
    "id": 791,
    "img_name": "frame0791",
    "width": 2014,
    "height": 1093,
    "position": [
      -4.3442439508891875,
      0.08222310615898293,
      -0.10520450706473294
    ],
    "rotation": [
      [
        -0.268653693609127,
        -0.046405829532641066,
        0.9621183357028185
      ],
      [
        0.0951446793887344,
        0.9926757379573548,
        0.07444709030470202
      ],
      [
        -0.9585263078779782,
        0.1115409263732778,
        -0.2622707357857576
      ]
    ],
    "fx": 2026.688149598699,
    "fy": 2094.686509917494
  },
  {
    "id": 792,
    "img_name": "frame0792",
    "width": 2014,
    "height": 1093,
    "position": [
      -4.344356836168429,
      0.08282564803196897,
      -0.11588485294331985
    ],
    "rotation": [
      [
        -0.2657297675448187,
        -0.04651897156464063,
        0.9629245432146512
      ],
      [
        0.09516821524760916,
        0.9926905092521439,
        0.07421969851261774
      ],
      [
        -0.9593386792197849,
        0.1113621934288621,
        -0.2593602907685588
      ]
    ],
    "fx": 2026.688149598699,
    "fy": 2094.686509917494
  },
  {
    "id": 793,
    "img_name": "frame0793",
    "width": 2014,
    "height": 1093,
    "position": [
      -4.3444697214476715,
      0.08342818990495504,
      -0.1265651988219071
    ],
    "rotation": [
      [
        -0.2628033908071017,
        -0.04663156876321931,
        0.9637218865289774
      ],
      [
        0.09519105946351616,
        0.9927052991708389,
        0.07399223740602012
      ],
      [
        -0.9601421977907769,
        0.111183118290578,
        -0.2564474102592582
      ]
    ],
    "fx": 2026.688149598699,
    "fy": 2094.686509917494
  },
  {
    "id": 794,
    "img_name": "frame0794",
    "width": 2014,
    "height": 1093,
    "position": [
      -4.344582606726912,
      0.08403073177794108,
      -0.13724554470049388
    ],
    "rotation": [
      [
        -0.25987459035840693,
        -0.04674362009095291,
        0.9645103582994035
      ],
      [
        0.09521321182597824,
        0.9927201075771712,
        0.07376470908064225
      ],
      [
        -0.9609368561876646,
        0.11100370260835019,
        -0.253532121095938
      ]
    ],
    "fx": 2026.688149598699,
    "fy": 2094.686509917494
  },
  {
    "id": 795,
    "img_name": "frame0795",
    "width": 2014,
    "height": 1093,
    "position": [
      -4.344695492006155,
      0.08463327365092715,
      -0.14792589057908112
    ],
    "rotation": [
      [
        -0.256943393183497,
        -0.046855124515446475,
        0.9652899512612743
      ],
      [
        0.09523467213089247,
        0.9927349343347016,
        0.07353711563283644
      ],
      [
        -0.9617226470887916,
        0.11082394803524079,
        -0.2506144501388736
      ]
    ],
    "fx": 2026.688149598699,
    "fy": 2094.686509917494
  },
  {
    "id": 796,
    "img_name": "frame0796",
    "width": 2014,
    "height": 1093,
    "position": [
      -4.344808377285396,
      0.08523581552391318,
      -0.15860623645766803
    ],
    "rotation": [
      [
        -0.25400982628921703,
        -0.04696608100934417,
        0.9660606582317415
      ],
      [
        0.09525544018053263,
        0.9927497793068236,
        0.07330945915955515
      ],
      [
        -0.9624995632542048,
        0.11064385622743468,
        -0.24769442427028526
      ]
    ],
    "fx": 2026.688149598699,
    "fy": 2094.686509917494
  },
  {
    "id": 797,
    "img_name": "frame0797",
    "width": 2014,
    "height": 1093,
    "position": [
      -4.344921262564638,
      0.08583835739689923,
      -0.16928658233625482
    ],
    "rotation": [
      [
        -0.25107391670424595,
        -0.047076488550338476,
        0.966822472109828
      ],
      [
        0.09527551578355034,
        0.9927646423567607,
        0.07308174175833149
      ],
      [
        -0.9632675975257174,
        0.11046342884422361,
        -0.24477207039408988
      ]
    ],
    "fx": 2026.688149598699,
    "fy": 2094.686509917494
  },
  {
    "id": 798,
    "img_name": "frame0798",
    "width": 2014,
    "height": 1093,
    "position": [
      -4.345034147843879,
      0.0864408992698853,
      -0.17996692821484206
    ],
    "rotation": [
      [
        -0.24813569147884657,
        -0.04718634612117978,
        0.9675753858764943
      ],
      [
        0.09529489875497732,
        0.9927795233475716,
        0.07285396552725995
      ],
      [
        -0.9640267428269785,
        0.11028266754799132,
        -0.2418474154356542
      ]
    ],
    "fx": 2026.688149598699,
    "fy": 2094.686509917494
  },
  {
    "id": 799,
    "img_name": "frame0799",
    "width": 2014,
    "height": 1093,
    "position": [
      -4.345147033123121,
      0.08704344114287134,
      -0.19064727409342885
    ],
    "rotation": [
      [
        -0.24519517768461746,
        -0.04729565270968554,
        0.9683193925947023
      ],
      [
        0.09531358891622675,
        0.9927944221421483,
        0.07262613256497694
      ],
      [
        -0.9647769921635346,
        0.11010157400419798,
        -0.23892048634154567
      ]
    ],
    "fx": 2026.688149598699,
    "fy": 2094.686509917494
  },
  {
    "id": 800,
    "img_name": "frame0800",
    "width": 2014,
    "height": 1093,
    "position": [
      -4.345259918402363,
      0.08764598301585738,
      -0.20132761997201576
    ],
    "rotation": [
      [
        -0.24225240241424378,
        -0.04740440730874986,
        0.9690544854094808
      ],
      [
        0.09533158609509532,
        0.9928093386032206,
        0.07239824497064175
      ],
      [
        -0.9655183386228979,
        0.1099201498813651,
        -0.23599131007928537
      ]
    ],
    "fx": 2026.688149598699,
    "fy": 2094.686509917494
  },
  {
    "id": 801,
    "img_name": "frame0801",
    "width": 2014,
    "height": 1093,
    "position": [
      -4.345372803681604,
      0.08824852488884345,
      -0.212007965850603
    ],
    "rotation": [
      [
        -0.23930739278124574,
        -0.0475126089163526,
        0.9697806575479861
      ],
      [
        0.0953488901257643,
        0.9928242725933534,
        0.07217030484391691
      ],
      [
        -0.9662507753746061,
        0.10973839685105984,
        -0.23305991363709838
      ]
    ],
    "fx": 2026.688149598699,
    "fy": 2094.686509917494
  },
  {
    "id": 802,
    "img_name": "frame0802",
    "width": 2014,
    "height": 1093,
    "position": [
      -4.345485688960846,
      0.08885106676182948,
      -0.2226883117291898
    ],
    "rotation": [
      [
        -0.23636017591973119,
        -0.04762025653556862,
        0.9704979023195675
      ],
      [
        0.0953655008488015,
        0.9928392239749513,
        0.07194231428494899
      ],
      [
        -0.9669742956702889,
        0.1095563165878799,
        -0.230126324023666
      ]
    ],
    "fx": 2026.688149598699,
    "fy": 2094.686509917494
  },
  {
    "id": 803,
    "img_name": "frame0803",
    "width": 2014,
    "height": 1093,
    "position": [
      -4.345598574240087,
      0.08945360863481554,
      -0.2333686576077767
    ],
    "rotation": [
      [
        -0.23341077898414375,
        -0.047727349174577056,
        0.9712062131158262
      ],
      [
        0.09538141811116257,
        0.9928541926102581,
        0.07171427539434916
      ],
      [
        -0.9676888928437276,
        0.1093739107694379,
        -0.22719056826787543
      ]
    ],
    "fx": 2026.688149598699,
    "fy": 2094.686509917494
  },
  {
    "id": 804,
    "img_name": "frame0804",
    "width": 2014,
    "height": 1093,
    "position": [
      -4.345711459519329,
      0.0900561505078016,
      -0.24404900348636382
    ],
    "rotation": [
      [
        -0.23045922914901312,
        -0.047833885846670365,
        0.9719055834106781
      ],
      [
        0.09539664176619236,
        0.9928691783613595,
        0.07148619027317397
      ],
      [
        -0.9683945603109178,
        0.109191181076346,
        -0.22425267341857308
      ]
    ],
    "fx": 2026.688149598699,
    "fy": 2094.686509917494
  },
  {
    "id": 805,
    "img_name": "frame0805",
    "width": 2014,
    "height": 1093,
    "position": [
      -4.3458243447985705,
      0.09065869238078765,
      -0.25472934936495073
    ],
    "rotation": [
      [
        -0.22750555360870628,
        -0.047939865570263515,
        0.972596006760413
      ],
      [
        0.09541117167362644,
        0.9928841810901823,
        0.07125806102290601
      ],
      [
        -0.9690912915701296,
        0.1090081291922005,
        -0.22131266654431392
      ]
    ],
    "fx": 2026.688149598699,
    "fy": 2094.686509917494
  },
  {
    "id": 806,
    "img_name": "frame0806",
    "width": 2014,
    "height": 1093,
    "position": [
      -4.345937230077812,
      0.0912612342537737,
      -0.26540969524353764
    ],
    "rotation": [
      [
        -0.22454977957717387,
        -0.048045287368902914,
        0.9732774768037541
      ],
      [
        0.09542500769959215,
        0.992899200658498,
        0.07102988974543423
      ],
      [
        -0.9697790802019682,
        0.10882475680356607,
        -0.2183705747331111
      ]
    ],
    "fx": 2026.688149598699,
    "fy": 2094.686509917494
  },
  {
    "id": 807,
    "img_name": "frame0807",
    "width": 2014,
    "height": 1093,
    "position": [
      -4.346050115357054,
      0.09186377612675975,
      -0.2760900411221249
    ],
    "rotation": [
      [
        -0.22159193428770269,
        -0.04815015027127545,
        0.9739499872619171
      ],
      [
        0.0954381497166101,
        0.9929142369279229,
        0.07080167854303498
      ],
      [
        -0.9704579198694319,
        0.10864106559996059,
        -0.2154264250921894
      ]
    ],
    "fx": 2026.688149598699,
    "fy": 2094.686509917494
  },
  {
    "id": 808,
    "img_name": "frame0808",
    "width": 2014,
    "height": 1093,
    "position": [
      -4.346163000636295,
      0.09246631799974579,
      -0.28677038700071167
    ],
    "rotation": [
      [
        -0.21863204499266153,
        -0.04825445331121752,
        0.9746135319386666
      ],
      [
        0.09545059760359512,
        0.9929292897599178,
        0.07057342951835238
      ],
      [
        -0.971127804317971,
        0.10845705727383911,
        -0.21248024474773142
      ]
    ],
    "fx": 2026.688149598699,
    "fy": 2094.686509917494
  },
  {
    "id": 809,
    "img_name": "frame0809",
    "width": 2014,
    "height": 1093,
    "position": [
      -4.346275885915537,
      0.09306885987273184,
      -0.2974507328792986
    ],
    "rotation": [
      [
        -0.2156701389632546,
        -0.04835819552772373,
        0.9752681047203754
      ],
      [
        0.09546235124585749,
        0.9929443590157933,
        0.07034514477437911
      ],
      [
        -0.971788727375546,
        0.10827273352057878,
        -0.20953206084463238
      ]
    ],
    "fx": 2026.688149598699,
    "fy": 2094.686509917494
  },
  {
    "id": 810,
    "img_name": "frame0810",
    "width": 2014,
    "height": 1093,
    "position": [
      -4.346388771194778,
      0.0936714017457179,
      -0.3081310787578858
    ],
    "rotation": [
      [
        -0.21270624348926398,
        -0.048461375964956054,
        0.975913699576079
      ],
      [
        0.095473410535104,
        0.9929594445567067,
        0.07011682641443684
      ],
      [
        -0.9724406829526836,
        0.10808809603846278,
        -0.20658190054624487
      ]
    ],
    "fx": 2026.688149598699,
    "fy": 2094.686509917494
  },
  {
    "id": 811,
    "img_name": "frame0811",
    "width": 2014,
    "height": 1093,
    "position": [
      -4.34650165647402,
      0.09427394361870395,
      -0.3188114246364727
    ],
    "rotation": [
      [
        -0.209740385878804,
        -0.048563993672252365,
        0.9765503105575317
      ],
      [
        0.09548377536943894,
        0.9929745462436661,
        0.06988847654215705
      ],
      [
        -0.9730836650425332,
        0.10790314652866498,
        -0.20362979103413265
      ]
    ],
    "fx": 2026.688149598699,
    "fy": 2094.686509917494
  },
  {
    "id": 812,
    "img_name": "frame0812",
    "width": 2014,
    "height": 1093,
    "position": [
      -4.346614541753262,
      0.09487648549168998,
      -0.3294917705150594
    ],
    "rotation": [
      [
        -0.20677259345806692,
        -0.04866604770413531,
        0.9771779317992626
      ],
      [
        0.09549344565336494,
        0.9929896639375317,
        0.06966009726146152
      ],
      [
        -0.9737176677209227,
        0.107717886695234,
        -0.20067575950781885
      ]
    ],
    "fx": 2026.688149598699,
    "fy": 2094.686509917494
  },
  {
    "id": 813,
    "img_name": "frame0813",
    "width": 2014,
    "height": 1093,
    "position": [
      -4.346727427032504,
      0.09547902736467605,
      -0.34017211639364675
    ],
    "rotation": [
      [
        -0.20380289357107084,
        -0.04876753712032103,
        0.9777965575186267
      ],
      [
        0.09550242129778397,
        0.9930047974990138,
        0.06943169067654299
      ],
      [
        -0.9743426851464116,
        0.10753231824507774,
        -0.19771983318453412
      ]
    ],
    "fx": 2026.688149598699,
    "fy": 2094.686509917494
  },
  {
    "id": 814,
    "img_name": "frame0814",
    "width": 2014,
    "height": 1093,
    "position": [
      -4.346840312311746,
      0.09608156923766209,
      -0.35085246227223355
    ],
    "rotation": [
      [
        -0.2008313135794096,
        -0.04886846098572775,
        0.9784061820158616
      ],
      [
        0.09551070221999816,
        0.9930199467886791,
        0.0692032588918458
      ],
      [
        -0.9749587115603469,
        0.10734644288794763,
        -0.19476203929896824
      ]
    ],
    "fx": 2026.688149598699,
    "fy": 2094.686509917494
  },
  {
    "id": 815,
    "img_name": "frame0815",
    "width": 2014,
    "height": 1093,
    "position": [
      -4.346953197590986,
      0.09668411111064815,
      -0.36153280815082045
    ],
    "rotation": [
      [
        -0.19785788086199801,
        -0.04896881837048457,
        0.9790067996741381
      ],
      [
        0.09551828834371055,
        0.9930351116669478,
        0.06897480401204645
      ],
      [
        -0.9755657412869145,
        0.10716026233642276,
        -0.19180240510301722
      ]
    ],
    "fx": 2026.688149598699,
    "fy": 2094.686509917494
  },
  {
    "id": 816,
    "img_name": "frame0816",
    "width": 2014,
    "height": 1093,
    "position": [
      -4.347066082870229,
      0.0972866529836342,
      -0.3722131540294076
    ],
    "rotation": [
      [
        -0.19488262281482305,
        -0.049068608349939744,
        0.9795984049596119
      ],
      [
        0.09552517959902564,
        0.9930502919940973,
        0.06874632814203423
      ],
      [
        -0.9761637687331924,
        0.1069737783058941,
        -0.18884095786553323
      ]
    ],
    "fx": 2026.688149598699,
    "fy": 2094.686509917494
  },
  {
    "id": 817,
    "img_name": "frame0817",
    "width": 2014,
    "height": 1093,
    "position": [
      -4.34717896814947,
      0.09788919485662025,
      -0.3828934999079946
    ],
    "rotation": [
      [
        -0.19190556685068805,
        -0.049167830004669504,
        0.9801809924214753
      ],
      [
        0.09553137592245028,
        0.9930654876302619,
        0.06851783338689182
      ],
      [
        -0.9767527883892013,
        0.10678699251454882,
        -0.185877724872073
      ]
    ],
    "fx": 2026.688149598699,
    "fy": 2094.686509917494
  },
  {
    "id": 818,
    "img_name": "frame0818",
    "width": 2014,
    "height": 1093,
    "position": [
      -4.347291853428712,
      0.09849173672960632,
      -0.3935738457865817
    ],
    "rotation": [
      [
        -0.188926740398962,
        -0.04926648242048631,
        0.9807545566920074
      ],
      [
        0.09553687725689408,
        0.9930806984354357,
        0.06828932185187594
      ],
      [
        -0.9773327948279568,
        0.10659990668335437,
        -0.18291273342464648
      ]
    ],
    "fx": 2026.688149598699,
    "fy": 2094.686509917494
  },
  {
    "id": 819,
    "img_name": "frame0819",
    "width": 2014,
    "height": 1093,
    "position": [
      -4.3474047387079535,
      0.09909427860259234,
      -0.4042541916651685
    ],
    "rotation": [
      [
        -0.18594617090532678,
        -0.049364564688447375,
        0.981319092486622
      ],
      [
        0.09554168355166998,
        0.9930959242694719,
        0.06806079564239781
      ],
      [
        -0.9779037827055175,
        0.10641252253604261,
        -0.17994601084146505
      ]
    ],
    "fx": 2026.688149598699,
    "fy": 2094.686509917494
  },
  {
    "id": 820,
    "img_name": "frame0820",
    "width": 2014,
    "height": 1093,
    "position": [
      -4.347517623987195,
      0.0996968204755784,
      -0.4149345375437553
    ],
    "rotation": [
      [
        -0.1829638858315228,
        -0.04946207590486308,
        0.9818745946039195
      ],
      [
        0.09554579476249482,
        0.9931111649920865,
        0.06783225686400393
      ],
      [
        -0.9784657467610366,
        0.10622484179909403,
        -0.17697758445668965
      ]
    ],
    "fx": 2026.688149598699,
    "fy": 2094.686509917494
  },
  {
    "id": 821,
    "img_name": "frame0821",
    "width": 2014,
    "height": 1093,
    "position": [
      -4.347630509266437,
      0.10029936234856446,
      -0.42561488342234277
    ],
    "rotation": [
      [
        -0.17997991265509938,
        -0.04955901517130512,
        0.9824210579257315
      ],
      [
        0.09554921085148954,
        0.9931264204628578,
        0.06760370762235668
      ],
      [
        -0.9790186818168083,
        0.10603686620172176,
        -0.17400748162018154
      ]
    ],
    "fx": 2026.688149598699,
    "fy": 2094.686509917494
  },
  {
    "id": 822,
    "img_name": "frame0822",
    "width": 2014,
    "height": 1093,
    "position": [
      -4.347743394545678,
      0.10090190422155051,
      -0.43629522930092945
    ],
    "rotation": [
      [
        -0.1769942788691568,
        -0.04965538159461498,
        0.9829584774171695
      ],
      [
        0.0955519317871797,
        0.9931416905412276,
        0.06737515002321462
      ],
      [
        -0.979562582778316,
        0.10584859747585554,
        -0.17103572969724495
      ]
    ],
    "fx": 2026.688149598699,
    "fy": 2094.686509917494
  },
  {
    "id": 823,
    "img_name": "frame0823",
    "width": 2014,
    "height": 1093,
    "position": [
      -4.347856279824921,
      0.10150444609453654,
      -0.44697557517951625
    ],
    "rotation": [
      [
        -0.17400701198209728,
        -0.04975117428691214,
        0.983486848126672
      ],
      [
        0.09555395754449578,
        0.9931569750865041,
        0.06714658617241359
      ],
      [
        -0.9800974446342806,
        0.10566003735612609,
        -0.16806235606838044
      ]
    ],
    "fx": 2026.688149598699,
    "fy": 2094.686509917494
  },
  {
    "id": 824,
    "img_name": "frame0824",
    "width": 2014,
    "height": 1093,
    "position": [
      -4.347969165104161,
      0.10210698796752261,
      -0.4576559210581037
    ],
    "rotation": [
      [
        -0.17101813951736905,
        -0.04984639236560205,
        0.9840061651860481
      ],
      [
        0.09555528810477322,
        0.9931722739578621,
        0.06691801817584685
      ],
      [
        -0.9806232624567048,
        0.1054711875798487,
        -0.16508738812902973
      ]
    ],
    "fx": 2026.688149598699,
    "fy": 2094.686509917494
  },
  {
    "id": 825,
    "img_name": "frame0825",
    "width": 2014,
    "height": 1093,
    "position": [
      -4.348082050383403,
      0.10270952984050866,
      -0.4683362669366905
    ],
    "rotation": [
      [
        -0.1680276890132134,
        -0.049941034953384575,
        0.9845164238105243
      ],
      [
        0.09555592345575283,
        0.9931875870143437,
        0.06668944813944588
      ],
      [
        -0.9811400314009194,
        0.1052820498870076,
        -0.1621108532893233
      ]
    ],
    "fx": 2026.688149598699,
    "fy": 2094.686509917494
  },
  {
    "id": 826,
    "img_name": "frame0826",
    "width": 2014,
    "height": 1093,
    "position": [
      -4.3481949356626455,
      0.1033120717134947,
      -0.4790166128152772
    ],
    "rotation": [
      [
        -0.16503568802241086,
        -0.05003510117826178,
        0.9850176192987873
      ],
      [
        0.0955558635915807,
        0.9932029141148606,
        0.06646087816916094
      ],
      [
        -0.981647746705628,
        0.10509262602023958,
        -0.1591327789738286
      ]
    ],
    "fx": 2026.688149598699,
    "fy": 2094.686509917494
  },
  {
    "id": 827,
    "img_name": "frame0827",
    "width": 2014,
    "height": 1093,
    "position": [
      -4.348307820941887,
      0.10391461358648077,
      -0.4896969586938644
    ],
    "rotation": [
      [
        -0.16204216411202843,
        -0.050128590173546206,
        0.9855097470330281
      ],
      [
        0.09555510851280843,
        0.9932182551181954,
        0.06623231037094182
      ],
      [
        -0.9821464036929504,
        0.10490291772481836,
        -0.156153192621298
      ]
    ],
    "fx": 2026.688149598699,
    "fy": 2094.686509917494
  },
  {
    "id": 828,
    "img_name": "frame0828",
    "width": 2014,
    "height": 1093,
    "position": [
      -4.348420706221129,
      0.10451715545946681,
      -0.5003773045724514
    ],
    "rotation": [
      [
        -0.15904714486316363,
        -0.050221501077868685,
        0.9859928024789845
      ],
      [
        0.095553658226393,
        0.9932336098830024,
        0.06600374685071808
      ],
      [
        -0.9826359977684666,
        0.10471292674863805,
        -0.15317212168441374
      ]
    ],
    "fx": 2026.688149598699,
    "fy": 2094.686509917494
  },
  {
    "id": 829,
    "img_name": "frame0829",
    "width": 2014,
    "height": 1093,
    "position": [
      -4.34853359150037,
      0.10511969733245284,
      -0.5110576504510382
    ],
    "rotation": [
      [
        -0.156050657870692,
        -0.05031383303518638,
        0.9864667811859816
      ],
      [
        0.09555151274569676,
        0.9932489782678089,
        0.06577518971438005
      ],
      [
        -0.9831165244212575,
        0.10452265484219737,
        -0.15018959362953793
      ]
    ],
    "fx": 2026.688149598699,
    "fy": 2094.686509917494
  },
  {
    "id": 830,
    "img_name": "frame0830",
    "width": 2014,
    "height": 1093,
    "position": [
      -4.348646476779612,
      0.10572223920543891,
      -0.5217379963296254
    ],
    "rotation": [
      [
        -0.1530527307430124,
        -0.05040558519479059,
        0.9869316787869755
      ],
      [
        0.09554867209048727,
        0.9932643601310173,
        0.06554664106775918
      ],
      [
        -0.983587979223949,
        0.10433210375858346,
        -0.14720563593645697
      ]
    ],
    "fx": 2026.688149598699,
    "fy": 2094.686509917494
  },
  {
    "id": 831,
    "img_name": "frame0831",
    "width": 2014,
    "height": 1093,
    "position": [
      -4.348759362058853,
      0.10632478107842495,
      -0.5324183422082124
    ],
    "rotation": [
      [
        -0.15005339110179183,
        -0.05049675671131467,
        0.9873874909985902
      ],
      [
        0.09554513628693714,
        0.993279755330905,
        0.06531810301660863
      ],
      [
        -0.98405035783275,
        0.10414127525345553,
        -0.14422027609812949
      ]
    ],
    "fx": 2026.688149598699,
    "fy": 2094.686509917494
  },
  {
    "id": 832,
    "img_name": "frame0832",
    "width": 2014,
    "height": 1093,
    "position": [
      -4.348872247338095,
      0.10692732295141101,
      -0.5430986880867992
    ],
    "rotation": [
      [
        -0.14705266658171212,
        -0.05058734674474179,
        0.9878342136211599
      ],
      [
        0.09554090536762387,
        0.9932951637256272,
        0.06508957766658406
      ],
      [
        -0.9845036559874943,
        0.103950171085029,
        -0.14123354162043322
      ]
    ],
    "fx": 2026.688149598699,
    "fy": 2094.686509917494
  },
  {
    "id": 833,
    "img_name": "frame0833",
    "width": 2014,
    "height": 1093,
    "position": [
      -4.3489851326173365,
      0.10752986482439707,
      -0.5537790339653863
    ],
    "rotation": [
      [
        -0.14405058483021416,
        -0.05067735446041262,
        0.9882718425387659
      ],
      [
        0.09553597937152937,
        0.9933105851732175,
        0.06486106712322395
      ],
      [
        -0.9849478695116795,
        0.10375879301405902,
        -0.13824546002191063
      ]
    ],
    "fx": 2026.688149598699,
    "fy": 2094.686509917494
  },
  {
    "id": 834,
    "img_name": "frame0834",
    "width": 2014,
    "height": 1093,
    "position": [
      -4.349098017896578,
      0.10813240669738311,
      -0.5644593798439733
    ],
    "rotation": [
      [
        -0.14104717350724533,
        -0.05076677902903308,
        0.9887003737192753
      ],
      [
        0.09553035834403971,
        0.9933260195315885,
        0.06463257349193054
      ],
      [
        -0.9853829943125042,
        0.10356714280382444,
        -0.13525605883351716
      ]
    ],
    "fx": 2026.688149598699,
    "fy": 2094.686509917494
  },
  {
    "id": 835,
    "img_name": "frame0835",
    "width": 2014,
    "height": 1093,
    "position": [
      -4.34921090317582,
      0.10873494857036915,
      -0.5751397257225601
    ],
    "rotation": [
      [
        -0.13804246028500156,
        -0.050855619626682017,
        0.9891198032143783
      ],
      [
        0.0955240423369448,
        0.9933414666585348,
        0.06440409887795015
      ],
      [
        -0.985809026380908,
        0.1033752222201115,
        -0.13226536559836533
      ]
    ],
    "fx": 2026.688149598699,
    "fy": 2094.686509917494
  },
  {
    "id": 836,
    "img_name": "frame0836",
    "width": 2014,
    "height": 1093,
    "position": [
      -4.349323788455061,
      0.10933749044335521,
      -0.5858200716011472
    ],
    "rotation": [
      [
        -0.1350364728476744,
        -0.050943875434818695,
        0.9895301271596239
      ],
      [
        0.09551703140843766,
        0.9933569264117329,
        0.06417564538635384
      ],
      [
        -0.9862259617916064,
        0.10318303303119744,
        -0.129273407871472
      ]
    ],
    "fx": 2026.688149598699,
    "fy": 2094.686509917494
  },
  {
    "id": 837,
    "img_name": "frame0837",
    "width": 2014,
    "height": 1093,
    "position": [
      -4.349436673734303,
      0.10994003231634127,
      -0.596500417479734
    ],
    "rotation": [
      [
        -0.132029238891196,
        -0.051031545640290374,
        0.989931341774456
      ],
      [
        0.09550932562311414,
        0.9933723986487427,
        0.06394721512201815
      ],
      [
        -0.9866337967031282,
        0.10299057700783443,
        -0.1262802132195059
      ]
    ],
    "fx": 2026.688149598699,
    "fy": 2094.686509917494
  },
  {
    "id": 838,
    "img_name": "frame0838",
    "width": 2014,
    "height": 1093,
    "position": [
      -4.3495495590135445,
      0.11054257418932731,
      -0.607180763358321
    ],
    "rotation": [
      [
        -0.12902078612298268,
        -0.051118629435339846,
        0.9903234433622482
      ],
      [
        0.09550092505197216,
        0.9933878832270095,
        0.06371881018960553
      ],
      [
        -0.9870325273578501,
        0.10279785592323308,
        -0.1232858092205305
      ]
    ],
    "fx": 2026.688149598699,
    "fy": 2094.686509917494
  },
  {
    "id": 839,
    "img_name": "frame0839",
    "width": 2014,
    "height": 1093,
    "position": [
      -4.349662444292786,
      0.11114511606231336,
      -0.6178611092369082
    ],
    "rotation": [
      [
        -0.1260111422616806,
        -0.0512051260176129,
        0.9907064283103378
      ],
      [
        0.09549182977241114,
        0.9934033800038649,
        0.06349043269354511
      ],
      [
        -0.987422150082032,
        0.10260487155304622,
        -0.12029022346375268
      ]
    ],
    "fx": 2026.688149598699,
    "fy": 2094.686509917494
  },
  {
    "id": 840,
    "img_name": "frame0840",
    "width": 2014,
    "height": 1093,
    "position": [
      -4.349775329572028,
      0.11174765793529941,
      -0.6285414551154951
    ],
    "rotation": [
      [
        -0.12300033503691071,
        -0.051291034590165575,
        0.9910802930900596
      ],
      [
        0.09548203986823128,
        0.9934188888365281,
        0.06326208473801323
      ],
      [
        -0.9878026612858509,
        0.10241162567535247,
        -0.11729348354926744
      ]
    ],
    "fx": 2026.688149598699,
    "fy": 2094.686509917494
  },
  {
    "id": 841,
    "img_name": "frame0841",
    "width": 2014,
    "height": 1093,
    "position": [
      -4.349888214851269,
      0.11235019980828548,
      -0.6392218009940824
    ],
    "rotation": [
      [
        -0.11998839218901236,
        -0.05137635436147159,
        0.9914450342567764
      ],
      [
        0.09547155542963265,
        0.9934344095821068,
        0.06303376842691395
      ],
      [
        -0.9881740574634323,
        0.10221812007063978,
        -0.114295617087804
      ]
    ],
    "fx": 2026.688149598699,
    "fy": 2094.686509917494
  },
  {
    "id": 842,
    "img_name": "frame0842",
    "width": 2014,
    "height": 1093,
    "position": [
      -4.350001100130511,
      0.11295274168127152,
      -0.6499021468726692
    ],
    "rotation": [
      [
        -0.11697534146878774,
        -0.05146108454542973,
        0.9918006484499137
      ],
      [
        0.09546037655321461,
        0.9934499420975993,
        0.06280548586385994
      ],
      [
        -0.9885363351928848,
        0.1020243565217893,
        -0.11129665170047054
      ]
    ],
    "fx": 2026.688149598699,
    "fy": 2094.686509917494
  },
  {
    "id": 843,
    "img_name": "frame0843",
    "width": 2014,
    "height": 1093,
    "position": [
      -4.350113985409753,
      0.11355528355425756,
      -0.660582492751256
    ],
    "rotation": [
      [
        -0.11396121063724696,
        -0.051545224361370844,
        0.9921471323929879
      ],
      [
        0.09544850334197469,
        0.9934654862398953,
        0.0625772391521527
      ],
      [
        -0.9888894911363303,
        0.10183033681405855,
        -0.10829661501850052
      ]
    ],
    "fx": 2026.688149598699,
    "fy": 2094.686509917494
  },
  {
    "id": 844,
    "img_name": "frame0844",
    "width": 2014,
    "height": 1093,
    "position": [
      -4.350226870688994,
      0.11415782542724363,
      -0.6712628386298432
    ],
    "rotation": [
      [
        -0.11094602746535154,
        -0.05162877303406537,
        0.9924844828936392
      ],
      [
        0.09543593590530783,
        0.9934810418657776,
        0.06234903039476367
      ],
      [
        -0.9892335220399355,
        0.10163606273506542,
        -0.1052955346829978
      ]
    ],
    "fx": 2026.688149598699,
    "fy": 2094.686509917494
  },
  {
    "id": 845,
    "img_name": "frame0845",
    "width": 2014,
    "height": 1093,
    "position": [
      -4.3503397559682355,
      0.11476036730022966,
      -0.6819431845084302
    ],
    "rotation": [
      [
        -0.10792981973375904,
        -0.05171172979373015,
        0.9928126968436589
      ],
      [
        0.09542267435900517,
        0.9934966088319233,
        0.06212086169431441
      ],
      [
        -0.9895684247339412,
        0.1014415360747713,
        -0.1022934383446823
      ]
    ],
    "fx": 2026.688149598699,
    "fy": 2094.686509917494
  },
  {
    "id": 846,
    "img_name": "frame0846",
    "width": 2014,
    "height": 1093,
    "position": [
      -4.350452641247478,
      0.1153629091732157,
      -0.692623530387017
    ],
    "rotation": [
      [
        -0.10491261523256673,
        -0.051794093876035716,
        0.9931317712190181
      ],
      [
        0.09540871882525316,
        0.9935121869949042,
        0.06189273515305746
      ],
      [
        -0.9898941961326914,
        0.10124675862546481,
        -0.09929035366363487
      ]
    ],
    "fx": 2026.688149598699,
    "fy": 2094.686509917494
  },
  {
    "id": 847,
    "img_name": "frame0847",
    "width": 2014,
    "height": 1093,
    "position": [
      -4.35056552652672,
      0.11596545104620178,
      -0.7033038762656041
    ],
    "rotation": [
      [
        -0.10189444176105594,
        -0.051875864522113374,
        0.9934417030798972
      ],
      [
        0.0953940694326324,
        0.9935277762111903,
        0.06166465287285702
      ],
      [
        -0.9902108332346629,
        0.10105173218174532,
        -0.09628630830904222
      ]
    ],
    "fx": 2026.688149598699,
    "fy": 2094.686509917494
  },
  {
    "id": 848,
    "img_name": "frame0848",
    "width": 2014,
    "height": 1093,
    "position": [
      -4.350678411805961,
      0.11656799291918782,
