[
  {
    "id": 1680,
    "img_name": "frame1680",
    "width": 1959,
    "height": 1090,
    "position": [
      -1.3614524733489977,
      0.49851458533550147,
      3.7457758505779717
    ],
    "rotation": [
      [
        -0.8068524791756644,
        0.0620319078274517,
        0.5874871226328036
      ],
      [
        -0.011121149265817004,
        0.9927005296253504,
        -0.1200915422523848
      ],
      [
        -0.5906482852655137,
        -0.10342969057691045,
        -0.8002730173010166
      ]
    ],
    "fx": 1159.5610486377916,
    "fy": 1165.310204536505
  },
  {
    "id": 1681,
    "img_name": "frame1681",
    "width": 1959,
    "height": 1090,
    "position": [
      -1.3701789272662166,
      0.4985768931478081,
      3.7427712762610477
    ],
    "rotation": [
      [
        -0.807313898978993,
        0.062116420867606666,
        0.5868439475481834
      ],
      [
        -0.010995251024871137,
        0.9926887540842202,
        -0.12020042416571972
      ],
      [
        -0.5900198072694142,
        -0.10349196960787452,
        -0.8007284428921246
      ]
    ],
    "fx": 1159.5610486377916,
    "fy": 1165.310204536505
  },
  {
    "id": 1682,
    "img_name": "frame1682",
    "width": 1959,
    "height": 1090,
    "position": [
      -1.3789053811834358,
      0.4986392009601148,
      3.7397667019441245
    ],
    "rotation": [
      [
        -0.8077748084260867,
        0.06220088343816146,
        0.5862004000098527
      ],
      [
        -0.010869267268066425,
        0.9926769636191688,
        -0.12030920550349826
      ],
      [
        -0.5893909720221836,
        -0.10355431424783752,
        -0.8011833660900642
      ]
    ],
    "fx": 1159.5610486377916,
    "fy": 1165.310204536505
  },
  {
    "id": 1683,
    "img_name": "frame1683",
    "width": 1959,
    "height": 1090,
    "position": [
      -1.3876318351006547,
      0.49870150877242136,
      3.7367621276272
    ],
    "rotation": [
      [
        -0.8082352072247649,
        0.06228529548557336,
        0.585556480425771
      ],
      [
        -0.010743198075266781,
        0.9926651582376707,
        -0.1204178861967615
      ],
      [
        -0.5887617799224548,
        -0.10361672445727782,
        -0.8016377866064497
      ]
    ],
    "fx": 1159.5610486377916,
    "fy": 1165.310204536505
  },
  {
    "id": 1684,
    "img_name": "frame1684",
    "width": 1959,
    "height": 1090,
    "position": [
      -1.3963582890178736,
      0.498763816584728,
      3.733757553310276
    ],
    "rotation": [
      [
        -0.8086950950831702,
        0.062369656956331676,
        0.5849121892041333
      ],
      [
        -0.010617043526390323,
        0.9926533379472091,
        -0.12052646617661429
      ],
      [
        -0.5881322313690869,
        -0.10367920019663211,
        -0.8020917041532132
      ]
    ],
    "fx": 1159.5610486377916,
    "fy": 1165.310204536505
  },
  {
    "id": 1685,
    "img_name": "frame1685",
    "width": 1959,
    "height": 1090,
    "position": [
      -1.4050847429350923,
      0.4988261243970347,
      3.730752978993353
    ],
    "rotation": [
      [
        -0.8091544717097695,
        0.062453967796957804,
        0.5842675267533706
      ],
      [
        -0.01049080370140926,
        0.9926415027552778,
        -0.1206349453742254
      ],
      [
        -0.5875023267611648,
        -0.10374174142629572,
        -0.8025451184426063
      ]
    ],
    "fx": 1159.5610486377916,
    "fy": 1165.310204536505
  },
  {
    "id": 1686,
    "img_name": "frame1686",
    "width": 1959,
    "height": 1090,
    "position": [
      -1.4138111968523113,
      0.49888843220934137,
      3.7277484046764284
    ],
    "rotation": [
      [
        -0.8096133368133536,
        0.06253822795400517,
        0.5836224934821483
      ],
      [
        -0.010364478680349815,
        0.9926296526693792,
        -0.12074332372082734
      ],
      [
        -0.5868720664979992,
        -0.1038043481066223,
        -0.8029980291872001
      ]
    ],
    "fx": 1159.5610486377916,
    "fy": 1165.310204536505
  },
  {
    "id": 1687,
    "img_name": "frame1687",
    "width": 1959,
    "height": 1090,
    "position": [
      -1.4225376507695304,
      0.49895074002164796,
      3.7247438303595044
    ],
    "rotation": [
      [
        -0.8100716901030376,
        0.06262243737405937,
        0.5829770897993679
      ],
      [
        -0.010238068543292286,
        0.992617787697025,
        -0.1208516011477167
      ],
      [
        -0.5862414509791262,
        -0.10386702019792407,
        -0.8034504360998835
      ]
    ],
    "fx": 1159.5610486377916,
    "fy": 1165.310204536505
  },
  {
    "id": 1688,
    "img_name": "frame1688",
    "width": 1959,
    "height": 1090,
    "position": [
      -1.4312641046867491,
      0.4990130478339546,
      3.721739256042581
    ],
    "rotation": [
      [
        -0.810529531288261,
        0.06270659600373821,
        0.5823313161141654
      ],
      [
        -0.010111573370370906,
        0.992605907845737,
        -0.120959777586254
      ],
      [
        -0.5856104806043072,
        -0.10392975766047179,
        -0.803902338893866
      ]
    ],
    "fx": 1159.5610486377916,
    "fy": 1165.310204536505
  },
  {
    "id": 1689,
    "img_name": "frame1689",
    "width": 1959,
    "height": 1090,
    "position": [
      -1.439990558603968,
      0.49907535564626127,
      3.718734681725657
    ],
    "rotation": [
      [
        -0.8109868600787882,
        0.06279070378969158,
        0.5816851728359109
      ],
      [
        -0.009984993241773776,
        0.992594013123046,
        -0.12106785296786372
      ],
      [
        -0.5849791557735284,
        -0.10399256045449477,
        -0.8043537372826761
      ]
    ],
    "fx": 1159.5610486377916,
    "fy": 1165.310204536505
  },
  {
    "id": 1690,
    "img_name": "frame1690",
    "width": 1959,
    "height": 1090,
    "position": [
      -1.448717012521187,
      0.4991376634585679,
      3.7157301074087323
    ],
    "rotation": [
      [
        -0.8114436761847079,
        0.0628747606786017,
        0.5810386603742091
      ],
      [
        -0.009858328237742898,
        0.9925821035364923,
        -0.12117582722403449
      ],
      [
        -0.5843474768870008,
        -0.10405542854018092,
        -0.8048046309801624
      ]
    ],
    "fx": 1159.5610486377916,
    "fy": 1165.310204536505
  },
  {
    "id": 1691,
    "img_name": "frame1691",
    "width": 1959,
    "height": 1090,
    "position": [
      -1.4574434664384062,
      0.49919997127087457,
      3.7127255330918087
    ],
    "rotation": [
      [
        -0.8118999793164343,
        0.06295876661718304,
        0.5803917791388994
      ],
      [
        -0.00973157843857407,
        0.9925701790936261,
        -0.12128370028631898
      ],
      [
        -0.5837154443451601,
        -0.10411836187767674,
        -0.8052550197004933
      ]
    ],
    "fx": 1159.5610486377916,
    "fy": 1165.310204536505
  },
  {
    "id": 1692,
    "img_name": "frame1692",
    "width": 1959,
    "height": 1090,
    "position": [
      -1.466169920355625,
      0.4992622790831812,
      3.7097209587748847
    ],
    "rotation": [
      [
        -0.8123557691847066,
        0.06304272155218228,
        0.5797445295400535
      ],
      [
        -0.009604743924616823,
        0.9925582398020057,
        -0.12139147208633402
      ],
      [
        -0.5830830585486656,
        -0.10418136042708737,
        -0.805704903158157
      ]
    ],
    "fx": 1159.5610486377916,
    "fy": 1165.310204536505
  },
  {
    "id": 1693,
    "img_name": "frame1693",
    "width": 1959,
    "height": 1090,
    "position": [
      -1.474896374272844,
      0.4993245868954878,
      3.7067163844579607
    ],
    "rotation": [
      [
        -0.8128110455005891,
        0.06312662543037857,
        0.5790969119879779
      ],
      [
        -0.009477824776274402,
        0.9925462856692001,
        -0.12149914255576065
      ],
      [
        -0.5824503198984008,
        -0.10424442414847661,
        -0.8061542810679624
      ]
    ],
    "fx": 1159.5610486377916,
    "fy": 1165.310204536505
  },
  {
    "id": 1694,
    "img_name": "frame1694",
    "width": 1959,
    "height": 1090,
    "position": [
      -1.483622828190063,
      0.4993868947077945,
      3.703711810141037
    ],
    "rotation": [
      [
        -0.8132658079754724,
        0.06321047819858333,
        0.578448926893212
      ],
      [
        -0.009350821074003722,
        0.9925343167027876,
        -0.12160671162634419
      ],
      [
        -0.5818172287954733,
        -0.10430755300186696,
        -0.8066031531450388
      ]
    ],
    "fx": 1159.5610486377916,
    "fy": 1165.310204536505
  },
  {
    "id": 1695,
    "img_name": "frame1695",
    "width": 1959,
    "height": 1090,
    "position": [
      -1.4923492821072817,
      0.49944920252010117,
      3.7007072358241127
    ],
    "rotation": [
      [
        -0.8137200563210725,
        0.06329427980364041,
        0.5778005746665278
      ],
      [
        -0.009223732898315268,
        0.9925223329103554,
        -0.12171417922989414
      ],
      [
        -0.5811837856412134,
        -0.10437074694723966,
        -0.8070515191048364
      ]
    ],
    "fx": 1159.5610486377916,
    "fy": 1165.310204536505
  },
  {
    "id": 1696,
    "img_name": "frame1696",
    "width": 1959,
    "height": 1090,
    "position": [
      -1.5010757360245006,
      0.4995115103324077,
      3.697702661507189
    ],
    "rotation": [
      [
        -0.8141737902494299,
        0.06337803019242609,
        0.5771518557189305
      ],
      [
        -0.009096560329773098,
        0.9925103342994999,
        -0.12182154529828439
      ],
      [
        -0.5805499908371751,
        -0.10443400594453457,
        -0.807499378663125
      ]
    ],
    "fx": 1159.5610486377916,
    "fy": 1165.310204536505
  },
  {
    "id": 1697,
    "img_name": "frame1697",
    "width": 1959,
    "height": 1090,
    "position": [
      -1.5098021899417196,
      0.4995738181447144,
      3.694698087190265
    ],
    "rotation": [
      [
        -0.8146270094729138,
        0.06346172931184911,
        0.5765027704616577
      ],
      [
        -0.008969303448994752,
        0.9924983208778277,
        -0.12192880976345316
      ],
      [
        -0.5799158447851351,
        -0.10449732995365044,
        -0.8079467315359974
      ]
    ],
    "fx": 1159.5610486377916,
    "fy": 1165.310204536505
  },
  {
    "id": 1698,
    "img_name": "frame1698",
    "width": 1959,
    "height": 1090,
    "position": [
      -1.5185286438589385,
      0.49963612595702106,
      3.691693512873341
    ],
    "rotation": [
      [
        -0.8150797137042181,
        0.06354537710885072,
        0.5758533193061789
      ],
      [
        -0.008841962336651212,
        0.9924862926529545,
        -0.1220359725574031
      ],
      [
        -0.579281347887093,
        -0.10456071893444475,
        -0.8083935774398663
      ]
    ],
    "fx": 1159.5610486377916,
    "fy": 1165.310204536505
  },
  {
    "id": 1699,
    "img_name": "frame1699",
    "width": 1959,
    "height": 1090,
    "position": [
      -1.5272550977761576,
      0.49969843376932765,
      3.6886889385564174
    ],
    "rotation": [
      [
        -0.8155319026563628,
        0.06362897353040473,
        0.5752035026641961
      ],
      [
        -0.008714537073466914,
        0.992474249632505,
        -0.12214303361220134
      ],
      [
        -0.5786465005452707,
        -0.1046241728467338,
        -0.8088399160914654
      ]
    ],
    "fx": 1159.5610486377916,
    "fy": 1165.310204536505
  },
  {
    "id": 1700,
    "img_name": "frame1700",
    "width": 1959,
    "height": 1090,
    "position": [
      -1.5359815516933766,
      0.4997607415816343,
      3.6856843642394934
    ],
    "rotation": [
      [
        -0.8159835760426959,
        0.06371251852351748,
        0.5745533209476424
      ],
      [
        -0.00858702774021956,
        0.9924621918241139,
        -0.12224999285997948
      ],
      [
        -0.578011303162112,
        -0.10468769165029276,
        -0.8092857472078516
      ]
    ],
    "fx": 1159.5610486377916,
    "fy": 1165.310204536505
  },
  {
    "id": 1701,
    "img_name": "frame1701",
    "width": 1959,
    "height": 1090,
    "position": [
      -1.5447080056105953,
      0.49982304939394095,
      3.6826797899225694
    ],
    "rotation": [
      [
        -0.816434733576891,
        0.06379601203522788,
        0.5739027745686825
      ],
      [
        -0.008459434417740164,
        0.9924501192354241,
        -0.12235685023293359
      ],
      [
        -0.5773757561402825,
        -0.10475127530485558,
        -0.8097310705064019
      ]
    ],
    "fx": 1159.5610486377916,
    "fy": 1165.310204536505
  },
  {
    "id": 1702,
    "img_name": "frame1702",
    "width": 1959,
    "height": 1090,
    "position": [
      -1.5534344595278144,
      0.4998853572062476,
      3.679675215605646
    ],
    "rotation": [
      [
        -0.8168853749729494,
        0.06387945401260756,
        0.5732518639397128
      ],
      [
        -0.008331757186913057,
        0.9924380318740893,
        -0.12246360566332441
      ],
      [
        -0.5767398598826703,
        -0.10481492377011518,
        -0.8101758857048158
      ]
    ],
    "fx": 1159.5610486377916,
    "fy": 1165.310204536505
  },
  {
    "id": 1703,
    "img_name": "frame1703",
    "width": 1959,
    "height": 1090,
    "position": [
      -1.5621609134450332,
      0.49994766501855425,
      3.676670641288722
    ],
    "rotation": [
      [
        -0.8173354999451996,
        0.06396284440276079,
        0.5726005894733599
      ],
      [
        -0.008203996128675648,
        0.9924259297477724,
        -0.12257025908347731
      ],
      [
        -0.5761036147923841,
        -0.10487863700572338,
        -0.8106201925211156
      ]
    ],
    "fx": 1159.5610486377916,
    "fy": 1165.310204536505
  },
  {
    "id": 1704,
    "img_name": "frame1704",
    "width": 1959,
    "height": 1090,
    "position": [
      -1.570887367362252,
      0.5000099728308609,
      3.6736660669717978
    ],
    "rotation": [
      [
        -0.8177851082082969,
        0.06404618315282445,
        0.571948951582481
      ],
      [
        -0.008076151324018541,
        0.9924138128641441,
        -0.12267681042578221
      ],
      [
        -0.5754670212727536,
        -0.10494241497129089,
        -0.8110639906736444
      ]
    ],
    "fx": 1159.5610486377916,
    "fy": 1165.310204536505
  },
  {
    "id": 1705,
    "img_name": "frame1705",
    "width": 1959,
    "height": 1090,
    "position": [
      -1.5796138212794713,
      0.5000722806431676,
      3.670661492654874
    ],
    "rotation": [
      [
        -0.8182341994772246,
        0.06412947020996831,
        0.5712969506801643
      ],
      [
        -0.007948222853985464,
        0.9924016812308862,
        -0.12278325962269392
      ],
      [
        -0.5748300797273301,
        -0.10500625762638748,
        -0.8115072798810692
      ]
    ],
    "fx": 1159.5610486377916,
    "fy": 1165.310204536505
  },
  {
    "id": 1706,
    "img_name": "frame1706",
    "width": 1959,
    "height": 1090,
    "position": [
      -1.58834027519669,
      0.5001345884554742,
      3.6676569183379497
    ],
    "rotation": [
      [
        -0.8186827734672939,
        0.06421270552139484,
        0.5706445871797282
      ],
      [
        -0.007820210799673138,
        0.9923895348556895,
        -0.12288960660673182
      ],
      [
        -0.5741927905598855,
        -0.1050701649305418,
        -0.8119500598623788
      ]
    ],
    "fx": 1159.5610486377916,
    "fy": 1165.310204536505
  },
  {
    "id": 1707,
    "img_name": "frame1707",
    "width": 1959,
    "height": 1090,
    "position": [
      -1.5970667291139087,
      0.5001968962677809,
      3.664652344021026
    ],
    "rotation": [
      [
        -0.8191308298941434,
        0.06429588903433926,
        0.5699918614947199
      ],
      [
        -0.007692115242231259,
        0.9923773737462532,
        -0.12299585131048023
      ],
      [
        -0.5735551541744108,
        -0.10513413684324165,
        -0.8123923303368851
      ]
    ],
    "fx": 1159.5610486377916,
    "fy": 1165.310204536505
  },
  {
    "id": 1708,
    "img_name": "frame1708",
    "width": 1959,
    "height": 1090,
    "position": [
      -1.6057931830311278,
      0.5002592040800875,
      3.661647769704102
    ],
    "rotation": [
      [
        -0.8195783684737403,
        0.06437902069606971,
        0.5693387740389173
      ],
      [
        -0.0075639362628624925,
        0.992365197910287,
        -0.12310199366658821
      ],
      [
        -0.5729171709751189,
        -0.1051981733239337,
        -0.8128340910242229
      ]
    ],
    "fx": 1159.5610486377916,
    "fy": 1165.310204536505
  },
  {
    "id": 1709,
    "img_name": "frame1709",
    "width": 1959,
    "height": 1090,
    "position": [
      -1.614519636948347,
      0.5003215118923942,
      3.658643195387178
    ],
    "rotation": [
      [
        -0.8200253889223797,
        0.06446210045388712,
        0.5686853252263269
      ],
      [
        -0.0074356739428223725,
        0.992353007355509,
        -0.12320803360776973
      ],
      [
        -0.572278841366441,
        -0.10526227433202386,
        -0.8132753416443498
      ]
    ],
    "fx": 1159.5610486377916,
    "fy": 1165.310204536505
  },
  {
    "id": 1710,
    "img_name": "frame1710",
    "width": 1959,
    "height": 1090,
    "position": [
      -1.6232460908655657,
      0.5003838197047008,
      3.6556386210702545
    ],
    "rotation": [
      [
        -0.8204718909566853,
        0.06454512825512543,
        0.5680315154711848
      ],
      [
        -0.007307328363419276,
        0.9923408020896476,
        -0.12331397106680372
      ],
      [
        -0.5716401657530292,
        -0.10532643982687703,
        -0.8137160819175475
      ]
    ],
    "fx": 1159.5610486377916,
    "fy": 1165.310204536505
  },
  {
    "id": 1711,
    "img_name": "frame1711",
    "width": 1959,
    "height": 1090,
    "position": [
      -1.6319725447827849,
      0.5004461275170073,
      3.65263404675333
    ],
    "rotation": [
      [
        -0.8209178742936093,
        0.06462810404715137,
        0.5673773451879557
      ],
      [
        -0.007178899606014321,
        0.9923285821204394,
        -0.12341980597653404
      ],
      [
        -0.5710011445397537,
        -0.10539066976781727,
        -0.8141563115644209
      ]
    ],
    "fx": 1159.5610486377916,
    "fy": 1165.310204536505
  },
  {
    "id": 1712,
    "img_name": "frame1712",
    "width": 1959,
    "height": 1090,
    "position": [
      -1.6406989987000036,
      0.500508435329314,
      3.6496294724364065
    ],
    "rotation": [
      [
        -0.8213633386504333,
        0.06471102777736479,
        0.5667228147913327
      ],
      [
        -0.007050387752021398,
        0.9923163474556316,
        -0.12352553826986953
      ],
      [
        -0.5703617781317049,
        -0.1054549641141278,
        -0.8145960303058983
      ]
    ],
    "fx": 1159.5610486377916,
    "fy": 1165.310204536505
  },
  {
    "id": 1713,
    "img_name": "frame1713",
    "width": 1959,
    "height": 1090,
    "position": [
      -1.6494254526172225,
      0.5005707431416206,
      3.6466248981194824
    ],
    "rotation": [
      [
        -0.821808283744767,
        0.06479389939319843,
        0.5660679246962372
      ],
      [
        -0.006921792882907046,
        0.9923040981029793,
        -0.12363116787978418
      ],
      [
        -0.5697220669341911,
        -0.10551932282505094,
        -0.8150352378632325
      ]
    ],
    "fx": 1159.5610486377916,
    "fy": 1165.310204536505
  },
  {
    "id": 1714,
    "img_name": "frame1714",
    "width": 1959,
    "height": 1090,
    "position": [
      -1.6581519065344414,
      0.5006330509539273,
      3.6436203238025584
    ],
    "rotation": [
      [
        -0.8222527092945496,
        0.06487671884211815,
        0.5654126753178191
      ],
      [
        -0.006793115080190468,
        0.9922918340702479,
        -0.12373669473931692
      ],
      [
        -0.5690820113527401,
        -0.1055837458597883,
        -0.8154739339579994
      ]
    ],
    "fx": 1159.5610486377916,
    "fy": 1165.310204536505
  },
  {
    "id": 1715,
    "img_name": "frame1715",
    "width": 1959,
    "height": 1090,
    "position": [
      -1.6668783604516604,
      0.5006953587662339,
      3.640615749485635
    ],
    "rotation": [
      [
        -0.8226966150180504,
        0.06495948607162283,
        0.5647570670714556
      ],
      [
        -0.006664354425443376,
        0.9922795553652122,
        -0.12384211878157199
      ],
      [
        -0.5684416117930969,
        -0.10564823317750067,
        -0.8159121183121003
      ]
    ],
    "fx": 1159.5610486377916,
    "fy": 1165.310204536505
  },
  {
    "id": 1716,
    "img_name": "frame1716",
    "width": 1959,
    "height": 1090,
    "position": [
      -1.6756048143688793,
      0.5007576665785406,
      3.6376111751687104
    ],
    "rotation": [
      [
        -0.823140000633867,
        0.06504220102924445,
        0.5641011003727515
      ],
      [
        -0.006535511000290078,
        0.9922672619956557,
        -0.12394743993971867
      ],
      [
        -0.567800868661226,
        -0.10571278473730807,
        -0.8163497906477596
      ]
    ],
    "fx": 1159.5610486377916,
    "fy": 1165.310204536505
  },
  {
    "id": 1717,
    "img_name": "frame1717",
    "width": 1959,
    "height": 1090,
    "position": [
      -1.6843312682860985,
      0.5008199743908472,
      3.6346066008517868
    ],
    "rotation": [
      [
        -0.8235828658609275,
        0.06512486366254815,
        0.5634447756375385
      ],
      [
        -0.006406584886407274,
        0.9922549539693714,
        -0.12405265814699153
      ],
      [
        -0.5671597823633079,
        -0.1057774004982898,
        -0.8167869506875277
      ]
    ],
    "fx": 1159.5610486377916,
    "fy": 1165.310204536505
  },
  {
    "id": 1718,
    "img_name": "frame1718",
    "width": 1959,
    "height": 1090,
    "position": [
      -1.6930577222033172,
      0.5008822822031539,
      3.631602026534863
    ],
    "rotation": [
      [
        -0.8240252104184899,
        0.0652074739191322,
        0.5627880932818757
      ],
      [
        -0.006277576165524153,
        0.9922426312941616,
        -0.12415777333669036
      ],
      [
        -0.5665183533057422,
        -0.10584208041948452,
        -0.8172235981542787
      ]
    ],
    "fx": 1159.5610486377916,
    "fy": 1165.310204536505
  },
  {
    "id": 1719,
    "img_name": "frame1719",
    "width": 1959,
    "height": 1090,
    "position": [
      -1.7017841761205361,
      0.5009445900154605,
      3.6285974522179387
    ],
    "rotation": [
      [
        -0.8244670340261414,
        0.06529003174662813,
        0.562131053722049
      ],
      [
        -0.006148484919422239,
        0.9922302939778375,
        -0.12426278544218028
      ],
      [
        -0.5658765818951448,
        -0.10590682445989014,
        -0.8176597327712115
      ]
    ],
    "fx": 1159.5610486377916,
    "fy": 1165.310204536505
  },
  {
    "id": 1720,
    "img_name": "frame1720",
    "width": 1959,
    "height": 1090,
    "position": [
      -1.710510630037755,
      0.5010068978277672,
      3.625592877901015
    ],
    "rotation": [
      [
        -0.8249083364038011,
        0.0653725370927007,
        0.5614736573745704
      ],
      [
        -0.0060193112299353375,
        0.992217942028221,
        -0.1243676943968918
      ],
      [
        -0.5652344685383492,
        -0.10597163257846398,
        -0.8180953542618518
      ]
    ],
    "fx": 1159.5610486377916,
    "fy": 1165.310204536505
  },
  {
    "id": 1721,
    "img_name": "frame1721",
    "width": 1959,
    "height": 1090,
    "position": [
      -1.719237083954974,
      0.5010692056400738,
      3.6225883035840907
    ],
    "rotation": [
      [
        -0.8253491172717169,
        0.06545498990504793,
        0.5608159046561787
      ],
      [
        -0.005890055178949621,
        0.992205575453142,
        -0.12447250013432083
      ],
      [
        -0.5645920136424061,
        -0.10603650473412278,
        -0.8185304623500482
      ]
    ],
    "fx": 1159.5610486377916,
    "fy": 1165.310204536505
  },
  {
    "id": 1722,
    "img_name": "frame1722",
    "width": 1959,
    "height": 1090,
    "position": [
      -1.7279635378721931,
      0.5011315134523804,
      3.619583729267167
    ],
    "rotation": [
      [
        -0.8257893763504677,
        0.06553739013140107,
        0.5601577959838373
      ],
      [
        -0.005760716848403343,
        0.9921931942604393,
        -0.12457720258802853
      ],
      [
        -0.5639492176145813,
        -0.10610144088574251,
        -0.8189650567599763
      ]
    ],
    "fx": 1159.5610486377916,
    "fy": 1165.310204536505
  },
  {
    "id": 1723,
    "img_name": "frame1723",
    "width": 1959,
    "height": 1090,
    "position": [
      -1.7366899917894119,
      0.5011938212646871,
      3.616579154950243
    ],
    "rotation": [
      [
        -0.8262291133609637,
        0.06561973771952481,
        0.5594993317747368
      ],
      [
        -0.005631296320287003,
        0.9921807984579624,
        -0.12468180169164171
      ],
      [
        -0.563306080862358,
        -0.10616644099215873,
        -0.819399137216137
      ]
    ],
    "fx": 1159.5610486377916,
    "fy": 1165.310204536505
  },
  {
    "id": 1724,
    "img_name": "frame1724",
    "width": 1959,
    "height": 1090,
    "position": [
      -1.7454164457066306,
      0.5012561290769937,
      3.613574580633319
    ],
    "rotation": [
      [
        -0.8266683280244456,
        0.06570203261721713,
        0.5588405124462918
      ],
      [
        -0.00550179367664317,
        0.9921683880535686,
        -0.12478629737885268
      ],
      [
        -0.5626626037934346,
        -0.10623150501216642,
        -0.8198327034433568
      ]
    ],
    "fx": 1159.5610486377916,
    "fy": 1165.310204536505
  },
  {
    "id": 1725,
    "img_name": "frame1725",
    "width": 1959,
    "height": 1090,
    "position": [
      -1.7541428996238497,
      0.5013184368893003,
      3.6105700063163955
    ],
    "rotation": [
      [
        -0.8271070200624855,
        0.06578427477230947,
        0.5581813384161429
      ],
      [
        -0.005372208999566475,
        0.9921559630551251,
        -0.12489068958341923
      ],
      [
        -0.5620187868157258,
        -0.10629663290452002,
        -0.8202657551667882
      ]
    ],
    "fx": 1159.5610486377916,
    "fy": 1165.310204536505
  },
  {
    "id": 1726,
    "img_name": "frame1726",
    "width": 1959,
    "height": 1090,
    "position": [
      -1.7628693535410689,
      0.501380744701607,
      3.6075654319994714
    ],
    "rotation": [
      [
        -0.8275451891969866,
        0.06586646413266667,
        0.5575218101021553
      ],
      [
        -0.005242542371203557,
        0.9921435234705093,
        -0.12499497823916483
      ],
      [
        -0.5613746303373619,
        -0.10636182462793353,
        -0.8206982921119107
      ]
    ],
    "fx": 1159.5610486377916,
    "fy": 1165.310204536505
  },
  {
    "id": 1727,
    "img_name": "frame1727",
    "width": 1959,
    "height": 1090,
    "position": [
      -1.7715958074582876,
      0.5014430525139136,
      3.6045608576825474
    ],
    "rotation": [
      [
        -0.8279828351501836,
        0.06594860064618706,
        0.5568619279224193
      ],
      [
        -0.005112793873753029,
        0.9921310693076061,
        -0.12509916327997855
      ],
      [
        -0.5607301347666883,
        -0.10642708014108042,
        -0.8211303140045286
      ]
    ],
    "fx": 1159.5610486377916,
    "fy": 1165.310204536505
  },
  {
    "id": 1728,
    "img_name": "frame1728",
    "width": 1959,
    "height": 1090,
    "position": [
      -1.7803222613755068,
      0.5015053603262203,
      3.6015562833656234
    ],
    "rotation": [
      [
        -0.8284199576446428,
        0.06603068426080246,
        0.5562016922952484
      ],
      [
        -0.004982963589465348,
        0.9921186005743104,
        -0.12520324463981514
      ],
      [
        -0.5600853005122648,
        -0.10649239940259375,
        -0.8215618205707736
      ]
    ],
    "fx": 1159.5610486377916,
    "fy": 1165.310204536505
  },
  {
    "id": 1729,
    "img_name": "frame1729",
    "width": 1959,
    "height": 1090,
    "position": [
      -1.7890487152927255,
      0.5015676681385269,
      3.5985517090486994
    ],
    "rotation": [
      [
        -0.8288565564032632,
        0.0661127149244782,
        0.555541103639181
      ],
      [
        -0.004853051600642845,
        0.9921061172785276,
        -0.12530722225269517
      ],
      [
        -0.5594401279828666,
        -0.10655778237106625,
        -0.821992811537105
      ]
    ],
    "fx": 1159.5610486377916,
    "fy": 1165.310204536505
  },
  {
    "id": 1730,
    "img_name": "frame1730",
    "width": 1959,
    "height": 1090,
    "position": [
      -1.7977751692099444,
      0.5016299759508336,
      3.595547134731776
    ],
    "rotation": [
      [
        -0.8292926311492737,
        0.06619469258521327,
        0.5548801623729793
      ],
      [
        -0.0047230579896396716,
        0.9920936194281698,
        -0.12541109605270478
      ],
      [
        -0.558794617587483,
        -0.10662322900505009,
        -0.8224232866303067
      ]
    ],
    "fx": 1159.5610486377916,
    "fy": 1165.310204536505
  },
  {
    "id": 1731,
    "img_name": "frame1731",
    "width": 1959,
    "height": 1090,
    "position": [
      -1.8065016231271633,
      0.5016922837631402,
      3.5925425604148518
    ],
    "rotation": [
      [
        -0.829728181606238,
        0.06627661719104008,
        0.5542188689156284
      ],
      [
        -0.004592982838861663,
        0.99208110703116,
        -0.12551486597399605
      ],
      [
        -0.5581487697353171,
        -0.10668873926305719,
        -0.8228532455774914
      ]
    ],
    "fx": 1159.5610486377916,
    "fy": 1165.310204536505
  },
  {
    "id": 1732,
    "img_name": "frame1732",
    "width": 1959,
    "height": 1090,
    "position": [
      -1.8152280770443823,
      0.5017545915754469,
      3.5895379860979277
    ],
    "rotation": [
      [
        -0.83016320749805,
        0.06635848869002486,
        0.5535572236863375
      ],
      [
        -0.004462826230766416,
        0.9920685800954304,
        -0.12561853195078698
      ],
      [
        -0.5575025848357871,
        -0.1067543131035592,
        -0.8232826881060987
      ]
    ],
    "fx": 1159.5610486377916,
    "fy": 1165.310204536505
  },
  {
    "id": 1733,
    "img_name": "frame1733",
    "width": 1959,
    "height": 1090,
    "position": [
      -1.823954530961601,
      0.5018168993877535,
      3.586533411781004
    ],
    "rotation": [
      [
        -0.8305977085489373,
        0.06644030703026739,
        0.552895227104538
      ],
      [
        -0.004332588247863114,
        0.9920560386289219,
        -0.1257220939173613
      ],
      [
        -0.5568560632985236,
        -0.10681995048498731,
        -0.8237116139438947
      ]
    ],
    "fx": 1159.5610486377916,
    "fy": 1165.310204536505
  },
  {
    "id": 1734,
    "img_name": "frame1734",
    "width": 1959,
    "height": 1090,
    "position": [
      -1.8326809848788201,
      0.5018792072000602,
      3.5835288374640797
    ],
    "rotation": [
      [
        -0.8310316844834601,
        0.06652207215990122,
        0.5522328795898847
      ],
      [
        -0.004202268972712527,
        0.9920434826395849,
        -0.1258255518080688
      ],
      [
        -0.5562092055333713,
        -0.10688565136573253,
        -0.824140022818974
      ]
    ],
    "fx": 1159.5610486377916,
    "fy": 1165.310204536505
  },
  {
    "id": 1735,
    "img_name": "frame1735",
    "width": 1959,
    "height": 1090,
    "position": [
      -1.841407438796039,
      0.5019415150123667,
      3.580524263147156
    ],
    "rotation": [
      [
        -0.8314651350265111,
        0.06660378402709358,
        0.5515701815622542
      ],
      [
        -0.004071868487926976,
        0.9920309121353789,
        -0.12592890555732517
      ],
      [
        -0.5555620119503879,
        -0.10695141570414564,
        -0.824567914459759
      ]
    ],
    "fx": 1159.5610486377916,
    "fy": 1165.310204536505
  },
  {
    "id": 1736,
    "img_name": "frame1736",
    "width": 1959,
    "height": 1090,
    "position": [
      -1.850133892713258,
      0.5020038228246735,
      3.577519688830232
    ],
    "rotation": [
      [
        -0.8318980599033164,
        0.06668544258004548,
        0.5509071334417461
      ],
      [
        -0.003941386876170266,
        0.9920183271242725,
        -0.12603215509961216
      ],
      [
        -0.5549144829598438,
        -0.1070172434585371,
        -0.824995288594999
      ]
    ],
    "fx": 1159.5610486377916,
    "fy": 1165.310204536505
  },
  {
    "id": 1737,
    "img_name": "frame1737",
    "width": 1959,
    "height": 1090,
    "position": [
      -1.8588603466304772,
      0.50206613063698,
      3.574515114513308
    ],
    "rotation": [
      [
        -0.8323304588394351,
        0.06676704776699173,
        0.5502437356486811
      ],
      [
        -0.0038108242201576187,
        0.9920057276142435,
        -0.12613530036947757
      ],
      [
        -0.5542666189722221,
        -0.10708313458717722,
        -0.825422144953772
      ]
    ],
    "fx": 1159.5610486377916,
    "fy": 1165.310204536505
  },
  {
    "id": 1738,
    "img_name": "frame1738",
    "width": 1959,
    "height": 1090,
    "position": [
      -1.8675868005476959,
      0.5021284384492867,
      3.5715105401963845
    ],
    "rotation": [
      [
        -0.8327623315607601,
        0.06684859953620098,
        0.5495799886036025
      ],
      [
        -0.003680180602655625,
        0.9919931136132797,
        -0.1262383413015353
      ],
      [
        -0.553618420398219,
        -0.10714908904829618,
        -0.8258484832654848
      ]
    ],
    "fx": 1159.5610486377916,
    "fy": 1165.310204536505
  },
  {
    "id": 1739,
    "img_name": "frame1739",
    "width": 1959,
    "height": 1090,
    "position": [
      -1.8763132544649146,
      0.5021907462615933,
      3.56850596587946
    ],
    "rotation": [
      [
        -0.8331936777935168,
        0.06693009783597571,
        0.5489158927272738
      ],
      [
        -0.0035494561064822183,
        0.9919804851293766,
        -0.12634127783046534
      ],
      [
        -0.5529698876487411,
        -0.10721510680008389,
        -0.8262743032598711
      ]
    ],
    "fx": 1159.5610486377916,
    "fy": 1165.310204536505
  },
  {
    "id": 1740,
    "img_name": "frame1740",
    "width": 1959,
    "height": 1090,
    "position": [
      -1.8850397083821337,
      0.5022530540739001,
      3.5655013915625364
    ],
    "rotation": [
      [
        -0.833624497264266,
        0.06701154261465236,
        0.5482514484406807
      ],
      [
        -0.0034186508145065894,
        0.9919678421705401,
        -0.12644410989101398
      ],
      [
        -0.5523210211349087,
        -0.10728118780069029,
        -0.8266996046669944
      ]
    ],
    "fx": 1159.5610486377916,
    "fy": 1165.310204536505
  },
  {
    "id": 1741,
    "img_name": "frame1741",
    "width": 1959,
    "height": 1090,
    "position": [
      -1.8937661622993525,
      0.5023153618862066,
      3.562496817245613
    ],
    "rotation": [
      [
        -0.8340547896999013,
        0.0670929338206012,
        0.5475866561650294
      ],
      [
        -0.0032877648096491657,
        0.991955184744785,
        -0.12654683741799366
      ],
      [
        -0.5516718212680526,
        -0.10734733200822512,
        -0.8271243872172467
      ]
    ],
    "fx": 1159.5610486377916,
    "fy": 1165.310204536505
  },
  {
    "id": 1742,
    "img_name": "frame1742",
    "width": 1959,
    "height": 1090,
    "position": [
      -1.9024926162165714,
      0.5023776696985133,
      3.5594922429286884
    ],
    "rotation": [
      [
        -0.8344845548276505,
        0.06717427140222655,
        0.5469215163217463
      ],
      [
        -0.0031567981748814866,
        0.9919425128601347,
        -0.12664946034628305
      ],
      [
        -0.551022288459715,
        -0.10741353938075807,
        -0.8275486506413487
      ]
    ],
    "fx": 1159.5610486377916,
    "fy": 1165.310204536505
  },
  {
    "id": 1743,
    "img_name": "frame1743",
    "width": 1959,
    "height": 1090,
    "position": [
      -1.9112190701337908,
      0.5024399775108199,
      3.5564876686117644
    ],
    "rotation": [
      [
        -0.8349137923750758,
        0.0672555553079667,
        0.5462560293324789
      ],
      [
        -0.0030257509932262797,
        0.9919298265246224,
        -0.1267519786108272
      ],
      [
        -0.5503724231216495,
        -0.10747980987631883,
        -0.8279723946703503
      ]
    ],
    "fx": 1159.5610486377916,
    "fy": 1165.310204536505
  },
  {
    "id": 1744,
    "img_name": "frame1744",
    "width": 1959,
    "height": 1090,
    "position": [
      -1.9199455240510095,
      0.5025022853231266,
      3.5534830942948408
    ],
    "rotation": [
      [
        -0.8353425020700742,
        0.06733678548629396,
        0.5455901956190942
      ],
      [
        -0.0028946233477572733,
        0.9919171257462907,
        -0.12685439214663752
      ],
      [
        -0.5497222256658204,
        -0.10754614345289701,
        -0.828395619035631
      ]
    ],
    "fx": 1159.5610486377916,
    "fy": 1165.310204536505
  },
  {
    "id": 1745,
    "img_name": "frame1745",
    "width": 1959,
    "height": 1090,
    "position": [
      -1.9286719779682286,
      0.5025645931354332,
      3.5504785199779167
    ],
    "rotation": [
      [
        -0.8357706836408766,
        0.06741796188571464,
        0.5449240156036788
      ],
      [
        -0.0027634153215992316,
        0.9919044105331897,
        -0.12695670088879166
      ],
      [
        -0.5490716965044022,
        -0.10761254006844226,
        -0.8288183234688985
      ]
    ],
    "fx": 1159.5610486377916,
    "fy": 1165.310204536505
  },
  {
    "id": 1746,
    "img_name": "frame1746",
    "width": 1959,
    "height": 1090,
    "position": [
      -1.9373984318854474,
      0.5026269009477399,
      3.5474739456609927
    ],
    "rotation": [
      [
        -0.8361983368160494,
        0.06749908445476925,
        0.5442574897085397
      ],
      [
        -0.0026321269979279055,
        0.991891680893381,
        -0.12705890477243392
      ],
      [
        -0.5484208360497804,
        -0.10767899968086433,
        -0.8292405077021917
      ]
    ],
    "fx": 1159.5610486377916,
    "fy": 1165.310204536505
  },
  {
    "id": 1747,
    "img_name": "frame1747",
    "width": 1959,
    "height": 1090,
    "position": [
      -1.9461248858026663,
      0.5026892087600465,
      3.544469371344069
    ],
    "rotation": [
      [
        -0.8366254613244933,
        0.0675801531420323,
        0.5435906183562021
      ],
      [
        -0.0025007584599698526,
        0.9918789368349336,
        -0.12716100373277486
      ],
      [
        -0.5477696447145494,
        -0.1077455222480329,
        -0.8296621714678784
      ]
    ],
    "fx": 1159.5610486377916,
    "fy": 1165.310204536505
  },
  {
    "id": 1748,
    "img_name": "frame1748",
