[
  {
    "id": 0,
    "img_name": "frame0000",
    "width": 1959,
    "height": 1090,
    "position": [
      -3.010514670868156,
      -0.10872651390694471,
      -3.7521419481310536
    ],
    "rotation": [
      [
        0.8759527988011568,
        0.0705123586599892,
        0.47721557136018217
      ],
      [
        -0.0487887557885365,
        0.997136430690724,
        -0.057780584091627576
      ],
      [
        -0.47992327676517904,
        0.02733031038184793,
        0.8768846574968713
      ]
    ],
    "fx": 1159.5610486377916,
    "fy": 1165.310204536505
  },
  {
    "id": 1,
    "img_name": "frame0001",
    "width": 1959,
    "height": 1090,
    "position": [
      -3.003281052797057,
      -0.10946344543704782,
      -3.7494962587658547
    ],
    "rotation": [
      [
        0.8767434907787889,
        0.07038117812074918,
        0.4757807700436823
      ],
      [
        -0.048663488780202026,
        0.9971396791898219,
        -0.05783013958964891
      ],
      [
        -0.4784900377612506,
        0.027549046291196803,
        0.8776607167987426
      ]
    ],
    "fx": 1159.5610486377916,
    "fy": 1165.310204536505
  },
  {
    "id": 2,
    "img_name": "frame0002",
    "width": 1959,
    "height": 1090,
    "position": [
      -2.996047434725957,
      -0.1102003769671509,
      -3.7468505694006544
    ],
    "rotation": [
      [
        0.8775318186067328,
        0.07024963848575966,
        0.4743447012725878
      ],
      [
        -0.04853830184728259,
        0.9971428937311928,
        -0.05787989923250935
      ],
      [
        -0.47705549004968234,
        0.027767566944250414,
        0.878434415104198
      ]
    ],
    "fx": 1159.5610486377916,
    "fy": 1165.310204536505
  },
  {
    "id": 3,
    "img_name": "frame0003",
    "width": 1959,
    "height": 1090,
    "position": [
      -2.988813816654858,
      -0.11093730849725403,
      -3.7442048800354555
    ],
    "rotation": [
      [
        0.8783177801472395,
        0.07011774011172345,
        0.47290736894116003
      ],
      [
        -0.048413195329254005,
        0.9971460743061196,
        -0.05792986288527313
      ],
      [
        -0.47561963752061076,
        0.027985871748435084,
        0.8792057503151599
      ]
    ],
    "fx": 1159.5610486377916,
    "fy": 1165.310204536505
  },
  {
    "id": 4,
    "img_name": "frame0004",
    "width": 1959,
    "height": 1090,
    "position": [
      -2.9815801985837584,
      -0.11167424002735714,
      -3.7415591906702566
    ],
    "rotation": [
      [
        0.879101373268977,
        0.06998548335631607,
        0.4714687769470868
      ],
      [
        -0.04828816956537402,
        0.9971492209059771,
        -0.05798003041245123
      ],
      [
        -0.4741824840677107,
        0.0282039601117625,
        0.8799747203399593
      ]
    ],
    "fx": 1159.5610486377916,
    "fy": 1165.310204536505
  },
  {
    "id": 5,
    "img_name": "frame0005",
    "width": 1959,
    "height": 1090,
    "position": [
      -2.974346580512659,
      -0.11241117155746023,
      -3.7389135013050567
    ],
    "rotation": [
      [
        0.8798825958470354,
        0.06985286857818503,
        0.47002892919147177
      ],
      [
        -0.048163224894681445,
        0.9971523335222329,
        -0.05803040167800183
      ],
      [
        -0.4727440335881852,
        0.028421831442831252,
        0.8807413230933407
      ]
    ],
    "fx": 1159.5610486377916,
    "fy": 1165.310204536505
  },
  {
    "id": 6,
    "img_name": "frame0006",
    "width": 1959,
    "height": 1090,
    "position": [
      -2.9671129624415595,
      -0.11314810308756333,
      -3.7362678119398574
    ],
    "rotation": [
      [
        0.8806614457629336,
        0.06971989613694855,
        0.4685878295788239
      ],
      [
        -0.04803836165599512,
        0.9971554121464461,
        -0.05808097654533054
      ],
      [
        -0.4713042899827537,
        0.028639485150828477,
        0.8815055564964682
      ]
    ],
    "fx": 1159.5610486377916,
    "fy": 1165.310204536505
  },
  {
    "id": 7,
    "img_name": "frame0007",
    "width": 1959,
    "height": 1090,
    "position": [
      -2.9598793443704605,
      -0.11388503461766644,
      -3.733622122574658
    ],
    "rotation": [
      [
        0.8814379209046241,
        0.06958656639319487,
        0.46714548201704686
      ],
      [
        -0.04791358018791311,
        0.9971584567702683,
        -0.05813175487729093
      ],
      [
        -0.46986325715564314,
        0.02885692064553146,
        0.8822674184769307
      ]
    ],
    "fx": 1159.5610486377916,
    "fy": 1165.310204536505
  },
  {
    "id": 8,
    "img_name": "frame0008",
    "width": 1959,
    "height": 1090,
    "position": [
      -2.952645726299361,
      -0.11462196614776955,
      -3.7309764332094586
    ],
    "rotation": [
      [
        0.8822120191664997,
        0.06945287970848106,
        0.46570189041742865
      ],
      [
        -0.04778888082881172,
        0.9971614673854433,
        -0.058182736536184776
      ],
      [
        -0.468420939014576,
        0.029074137337309222,
        0.8830269069687481
      ]
    ],
    "fx": 1159.5610486377916,
    "fy": 1165.310204536505
  },
  {
    "id": 9,
    "img_name": "frame0009",
    "width": 1959,
    "height": 1090,
    "position": [
      -2.945412108228262,
      -0.11535889767787265,
      -3.728330743844259
    ],
    "rotation": [
      [
        0.8829837384493985,
        0.06931883644533218,
        0.4642570586946307
      ],
      [
        -0.047664263916844585,
        0.9971644439838072,
        -0.058233921383762516
      ],
      [
        -0.4669773394707604,
        0.029291134637124114,
        0.8837840199123768
      ]
    ],
    "fx": 1159.5610486377916,
    "fy": 1165.310204536505
  },
  {
    "id": 10,
    "img_name": "frame0010",
    "width": 1959,
    "height": 1090,
    "position": [
      -2.938178490157162,
      -0.11609582920797575,
      -3.7256850544790594
    ],
    "rotation": [
      [
        0.8837530766606094,
        0.0691844369672402,
        0.46281099076667703
      ],
      [
        -0.04753972978994177,
        0.997167386557288,
        -0.05828530928122357
      ],
      [
        -0.4655324624388793,
        0.02950791195653344,
        0.8845387552547143
      ]
    ],
    "fx": 1159.5610486377916,
    "fy": 1165.310204536505
  },
  {
    "id": 11,
    "img_name": "frame0011",
    "width": 1959,
    "height": 1090,
    "position": [
      -2.930944872086063,
      -0.11683276073807886,
      -3.7230393651138605
    ],
    "rotation": [
      [
        0.8845200317138788,
        0.06904968163866311,
        0.46136369055494436
      ],
      [
        -0.047415278785808875,
        0.9971702950979061,
        -0.05833690008921674
      ],
      [
        -0.46408631183707977,
        0.02972446870769102,
        0.8852911109491062
      ]
    ],
    "fx": 1159.5610486377916,
    "fy": 1165.310204536505
  },
  {
    "id": 12,
    "img_name": "frame0012",
    "width": 1959,
    "height": 1090,
    "position": [
      -2.9237112540149637,
      -0.11756969226818195,
      -3.720393675748661
    ],
    "rotation": [
      [
        0.8852846015294149,
        0.0689145708250238,
        0.45991516198415067
      ],
      [
        -0.04729091124192604,
        0.997173169597774,
        -0.05838869366784056
      ],
      [
        -0.4626388915869623,
        0.0299408043033488,
        0.8860410849553508
      ]
    ],
    "fx": 1159.5610486377916,
    "fy": 1165.310204536505
  },
  {
    "id": 13,
    "img_name": "frame0013",
    "width": 1959,
    "height": 1090,
    "position": [
      -2.9164776359438638,
      -0.11830662379828505,
      -3.7177479863834613
    ],
    "rotation": [
      [
        0.8860467840338953,
        0.06877910489270925,
        0.4584654089823456
      ],
      [
        -0.04716662749554717,
        0.9971760100490977,
        -0.05844068987664379
      ],
      [
        -0.4611902056135711,
        0.030156918156858465,
        0.8867886752397058
      ]
    ],
    "fx": 1159.5610486377916,
    "fy": 1165.310204536505
  },
  {
    "id": 14,
    "img_name": "frame0014",
    "width": 1959,
    "height": 1090,
    "position": [
      -2.9092440178727648,
      -0.11904355532838817,
      -3.7151022970182623
    ],
    "rotation": [
      [
        0.8868065771604701,
        0.06864328420906932,
        0.4570144354808983
      ],
      [
        -0.047042427883698806,
        0.9971788164441739,
        -0.05849288857462557
      ],
      [
        -0.4597402578453819,
        0.030372809682172992,
        0.887533879774892
      ]
    ],
    "fx": 1159.5610486377916,
    "fy": 1165.310204536505
  },
  {
    "id": 15,
    "img_name": "frame0015",
    "width": 1959,
    "height": 1090,
    "position": [
      -2.9020103998016658,
      -0.11978048685849128,
      -3.712456607653063
    ],
    "rotation": [
      [
        0.8875639788487693,
        0.06850710914241592,
        0.45556224541448825
      ],
      [
        -0.046918312743179424,
        0.9971815887753924,
        -0.05854528962023606
      ],
      [
        -0.45828905221429245,
        0.030588478293848254,
        0.8882766965400996
      ]
    ],
    "fx": 1159.5610486377916,
    "fy": 1165.310204536505
  },
  {
    "id": 16,
    "img_name": "frame0016",
    "width": 1959,
    "height": 1090,
    "position": [
      -2.8947767817305663,
      -0.12051741838859437,
      -3.709810918287863
    ],
    "rotation": [
      [
        0.8883189870449083,
        0.06837058006202203,
        0.45410884272109364
      ],
      [
        -0.046794282410558455,
        0.9971843270352357,
        -0.05859789287137666
      ],
      [
        -0.4568365926556116,
        0.030803923407044638,
        0.8890171235209949
      ]
    ],
    "fx": 1159.5610486377916,
    "fy": 1165.310204536505
  },
  {
    "id": 17,
    "img_name": "frame0017",
    "width": 1959,
    "height": 1090,
    "position": [
      -2.887543163659467,
      -0.12125434991869749,
      -3.707165228922664
    ],
    "rotation": [
      [
        0.8890715997014922,
        0.06823369733812049,
        0.452654231341981
      ],
      [
        -0.04667033722217527,
        0.9971870312162778,
        -0.05865069818540042
      ],
      [
        -0.4553828831080483,
        0.031019144437528564,
        0.8897551587097238
      ]
    ],
    "fx": 1159.5610486377916,
    "fy": 1165.310204536505
  },
  {
    "id": 18,
    "img_name": "frame0018",
    "width": 1959,
    "height": 1090,
    "position": [
      -2.880309545588368,
      -0.12199128144880059,
      -3.704519539557465
    ],
    "rotation": [
      [
        0.889821814777623,
        0.06809646134190322,
        0.4511984152216948
      ],
      [
        -0.046546477514138394,
        0.9971897013111861,
        -0.05870370541911247
      ],
      [
        -0.45392792751370126,
        0.03123414080167413,
        0.8904908001049184
      ]
    ],
    "fx": 1159.5610486377916,
    "fy": 1165.310204536505
  },
  {
    "id": 19,
    "img_name": "frame0019",
    "width": 1959,
    "height": 1090,
    "position": [
      -2.8730759275172684,
      -0.12272821297890368,
      -3.701873850192265
    ],
    "rotation": [
      [
        0.8905696302389035,
        0.06795887244552012,
        0.4497413983080461
      ],
      [
        -0.04642270362232456,
        0.9971923373127193,
        -0.058756914428770346
      ],
      [
        -0.45247172981804823,
        0.03144891191646465,
        0.891224045711702
      ]
    ],
    "fx": 1159.5610486377916,
    "fy": 1165.310204536505
  },
  {
    "id": 20,
    "img_name": "frame0020",
    "width": 1959,
    "height": 1090,
    "position": [
      -2.865842309446169,
      -0.1234651445090068,
      -3.699228160827066
    ],
    "rotation": [
      [
        0.8913150440574447,
        0.06782093102207806,
        0.4482831845521025
      ],
      [
        -0.046299015882377774,
        0.99719493921373,
        -0.0588103250700845
      ],
      [
        -0.4510142939699352,
        0.03166345719949432,
        0.8919548935416953
      ]
    ],
    "fx": 1159.5610486377916,
    "fy": 1165.310204536505
  },
  {
    "id": 21,
    "img_name": "frame0021",
    "width": 1959,
    "height": 1090,
    "position": [
      -2.8586086913750695,
      -0.1242020760391099,
      -3.6965824714618667
    ],
    "rotation": [
      [
        0.8920580542118695,
        0.06768263744563983,
        0.44682377790817673
      ],
      [
        -0.046175414629708415,
        0.997197507007162,
        -0.0588639371982185
      ],
      [
        -0.44955562392156556,
        0.031877776068969674,
        0.8926833416130205
      ]
    ],
    "fx": 1159.5610486377916,
    "fy": 1165.310204536505
  },
  {
    "id": 22,
    "img_name": "frame0022",
    "width": 1959,
    "height": 1090,
    "position": [
      -2.85137507330397,
      -0.12493900756921299,
      -3.693936782096667
    ],
    "rotation": [
      [
        0.8927986586873193,
        0.06754399209122328,
        0.44536318233381705
      ],
      [
        -0.04605190019949237,
        0.9972000406860524,
        -0.05891775066778965
      ],
      [
        -0.4480957236284899,
        0.032091867943711244,
        0.893409387950308
      ]
    ],
    "fx": 1159.5610486377916,
    "fy": 1165.310204536505
  },
  {
    "id": 23,
    "img_name": "frame0023",
    "width": 1959,
    "height": 1090,
    "position": [
      -2.844141455232871,
      -0.1256759390993161,
      -3.6912910927314675
    ],
    "rotation": [
      [
        0.8935368554754587,
        0.06740499533480004,
        0.443901401789795
      ],
      [
        -0.04592847292667,
        0.9972025402435301,
        -0.05897176533286915
      ],
      [
        -0.4466345970495944,
        0.032305732243155104,
        0.8941330305847001
      ]
    ],
    "fx": 1159.5610486377916,
    "fy": 1165.310204536505
  },
  {
    "id": 24,
    "img_name": "frame0024",
    "width": 1959,
    "height": 1090,
    "position": [
      -2.8369078371617715,
      -0.12641287062941922,
      -3.6886454033662686
    ],
    "rotation": [
      [
        0.8942726425744818,
        0.06726564755329484,
        0.44243844024009604
      ],
      [
        -0.04580513314594542,
        0.9972050056728172,
        -0.0590259810469827
      ],
      [
        -0.4451722481470912,
        0.03251936838735449,
        0.8948542675538582
      ]
    ],
    "fx": 1159.5610486377916,
    "fy": 1165.310204536505
  },
  {
    "id": 25,
    "img_name": "frame0025",
    "width": 1959,
    "height": 1090,
    "position": [
      -2.829674219090672,
      -0.12714980215952232,
      -3.685999714001069
    ],
    "rotation": [
      [
        0.8950060179891172,
        0.06712594912458414,
        0.44097430165190815
      ],
      [
        -0.045681881191785415,
        0.9972074369672282,
        -0.05908039766311077
      ],
      [
        -0.4437086808865068,
        0.03273277579698129,
        0.8955730969019675
      ]
    ],
    "fx": 1159.5610486377916,
    "fy": 1165.310204536505
  },
  {
    "id": 26,
    "img_name": "frame0026",
    "width": 1959,
    "height": 1090,
    "position": [
      -2.822440601019573,
      -0.12788673368962541,
      -3.6833540246358694
    ],
    "rotation": [
      [
        0.8957369797306328,
        0.06698590042749535,
        0.4395089899956108
      ],
      [
        -0.04555871739841863,
        0.99720983412017,
        -0.059135015033688995
      ],
      [
        -0.44224389923667146,
        0.032945953893327704,
        0.8962895166797411
      ]
    ],
    "fx": 1159.5610486377916,
    "fy": 1165.310204536505
  },
  {
    "id": 27,
    "img_name": "frame0027",
    "width": 1959,
    "height": 1090,
    "position": [
      -2.8152069829484736,
      -0.12862366521972854,
      -3.6807083352706704
    ],
    "rotation": [
      [
        0.8964655258168424,
        0.06684550184180571,
        0.4380425092447648
      ],
      [
        -0.045435642099834646,
        0.9972121971251416,
        -0.05918983301060869
      ],
      [
        -0.4407779071697088,
        0.033158902098307755,
        0.8970035249444267
      ]
    ],
    "fx": 1159.5610486377916,
    "fy": 1165.310204536505
  },
  {
    "id": 28,
    "img_name": "frame0028",
    "width": 1959,
    "height": 1090,
    "position": [
      -2.8079733648773737,
      -0.12936059674983164,
      -3.678062645905471
    ],
    "rotation": [
      [
        0.8971916542721099,
        0.06670475374824122,
        0.436574863376101
      ],
      [
        -0.04531265562978305,
        0.9972145259757355,
        -0.05924485144521709
      ],
      [
        -0.43931070866102445,
        0.03337161983445887,
        0.8977151197598116
      ]
    ],
    "fx": 1159.5610486377916,
    "fy": 1165.310204536505
  },
  {
    "id": 29,
    "img_name": "frame0029",
    "width": 1959,
    "height": 1090,
    "position": [
      -2.8007397468062747,
      -0.13009752827993473,
      -3.6754169565402712
    ],
    "rotation": [
      [
        0.8979153631273561,
        0.06656365652847579,
        0.4351060563695105
      ],
      [
        -0.045189758321772584,
        0.9972168206656367,
        -0.059300070188317934
      ],
      [
        -0.4378423076892962,
        0.03358410652494346,
        0.8984242991962279
      ]
    ],
    "fx": 1159.5610486377916,
    "fy": 1165.310204536505
  },
  {
    "id": 30,
    "img_name": "frame0030",
    "width": 1959,
    "height": 1090,
    "position": [
      -2.7935061287351757,
      -0.13083445981003783,
      -3.6727712671750723
    ],
    "rotation": [
      [
        0.898636650420062,
        0.06642221056512992,
        0.4336360922080322
      ],
      [
        -0.04506695050907015,
        0.9972190811886221,
        -0.059355489090171715
      ],
      [
        -0.43637270823646207,
        0.03379636159355047,
        0.8991310613305569
      ]
    ],
    "fx": 1159.5610486377916,
    "fy": 1165.310204536505
  },
  {
    "id": 31,
    "img_name": "frame0031",
    "width": 1959,
    "height": 1090,
    "position": [
      -2.786272510664076,
      -0.13157139134014095,
      -3.6701255778098725
    ],
    "rotation": [
      [
        0.8993555141942762,
        0.06628041624176988,
        0.4321649748778433
      ],
      [
        -0.04494423252469999,
        0.9972213075385619,
        -0.0594111080004961
      ],
      [
        -0.43490191428771025,
        0.03400838446469693,
        0.8998354042462358
      ]
    ],
    "fx": 1159.5610486377916,
    "fy": 1165.310204536505
  },
  {
    "id": 32,
    "img_name": "frame0032",
    "width": 1959,
    "height": 1090,
    "position": [
      -2.7790388925929768,
      -0.13230832287024405,
      -3.667479888444673
    ],
    "rotation": [
      [
        0.9000719525006188,
        0.06613827394290665,
        0.4306927083682481
      ],
      [
        -0.044821604701442794,
        0.9972234997094188,
        -0.05946692676846651
      ],
      [
        -0.43342992983146805,
        0.034220174563429566,
        0.9005373260332616
      ]
    ],
    "fx": 1159.5610486377916,
    "fy": 1165.310204536505
  },
  {
    "id": 33,
    "img_name": "frame0033",
    "width": 1959,
    "height": 1090,
    "position": [
      -2.7718052745218777,
      -0.13304525440034715,
      -3.664834199079474
    ],
    "rotation": [
      [
        0.9007859633962875,
        0.06599578405399477,
        0.42921929667166725
      ],
      [
        -0.04469906737183468,
        0.9972256576952484,
        -0.0595229452427163
      ],
      [
        -0.43195675885939133,
        0.03443173131542632,
        0.9012368247881973
      ]
    ],
    "fx": 1159.5610486377916,
    "fy": 1165.310204536505
  },
  {
    "id": 34,
    "img_name": "frame0034",
    "width": 1959,
    "height": 1090,
    "position": [
      -2.7645716564507783,
      -0.13378218593045027,
      -3.6621885097142743
    ],
    "rotation": [
      [
        0.9014975449450622,
        0.06585294696143137,
        0.4277447437836268
      ],
      [
        -0.04457662086816644,
        0.9972277814901985,
        -0.059579163271337304
      ],
      [
        -0.4304824053663534,
        0.03464305414699788,
        0.901933898614176
      ]
    ],
    "fx": 1159.5610486377916,
    "fy": 1165.310204536505
  },
  {
    "id": 35,
    "img_name": "frame0035",
    "width": 1959,
    "height": 1090,
    "position": [
      -2.757338038379679,
      -0.13451911746055337,
      -3.6595428203490754
    ],
    "rotation": [
      [
        0.9022066952173107,
        0.06570976305255513,
        0.4262690537027476
      ],
      [
        -0.04445426552248251,
        0.99722987108851,
        -0.059635580701880214
      ],
      [
        -0.4290068733504342,
        0.03485414248508928,
        0.902628545620907
      ]
    ],
    "fx": 1159.5610486377916,
    "fy": 1165.310204536505
  },
  {
    "id": 36,
    "img_name": "frame0036",
    "width": 1959,
    "height": 1090,
    "position": [
      -2.7501044203085794,
      -0.13525604899065646,
      -3.656897130983876
    ],
    "rotation": [
      [
        0.9029134122899938,
        0.06556623271564518,
        0.4247922304307338
      ],
      [
        -0.04433200166658016,
        0.9972319264845163,
        -0.059692197381354964
      ],
      [
        -0.42753016681290934,
        0.03506499575728145,
        0.9033207639246802
      ]
    ],
    "fx": 1159.5610486377916,
    "fy": 1165.310204536505
  },
  {
    "id": 37,
    "img_name": "frame0037",
    "width": 1959,
    "height": 1090,
    "position": [
      -2.74287080223748,
      -0.13599298052075956,
      -3.654251441618676
    ],
    "rotation": [
      [
        0.9036176942466706,
        0.06542235633992012,
        0.423314277972363
      ],
      [
        -0.04420982963200856,
        0.9972339476726438,
        -0.05974901315623125
      ],
      [
        -0.42605228975823994,
        0.03527561339179278,
        0.9040105516483719
      ]
    ],
    "fx": 1159.5610486377916,
    "fy": 1165.310204536505
  },
  {
    "id": 38,
    "img_name": "frame0038",
    "width": 1959,
    "height": 1090,
    "position": [
      -2.735637184166381,
      -0.13672991205086268,
      -3.6516057522534773
    ],
    "rotation": [
      [
        0.9043195391775037,
        0.06527813431553685,
        0.4218352003354744
      ],
      [
        -0.04408774975006788,
        0.9972359346474114,
        -0.05980602787243875
      ],
      [
        -0.42457324619406067,
        0.03548599481748061,
        0.9046979069214491
      ]
    ],
    "fx": 1159.5610486377916,
    "fy": 1165.310204536505
  },
  {
    "id": 39,
    "img_name": "frame0039",
    "width": 1959,
    "height": 1090,
    "position": [
      -2.7284035660952815,
      -0.13746684358096578,
      -3.6489600628882775
    ],
    "rotation": [
      [
        0.9050189451792644,
        0.06513356703358972,
        0.4203550015309592
      ],
      [
        -0.04396576235180842,
        0.9972378874034314,
        -0.05986324137536783
      ],
      [
        -0.4230930401311704,
        0.03569613946384287,
        0.9053828278799758
      ]
    ],
    "fx": 1159.5610486377916,
    "fy": 1165.310204536505
  },
  {
    "id": 40,
    "img_name": "frame0040",
    "width": 1959,
    "height": 1090,
    "position": [
      -2.721169948024182,
      -0.13820377511106888,
      -3.646314373523078
    ],
    "rotation": [
      [
        0.905715910355337,
        0.06498865488610915,
        0.41887368557274796
      ],
      [
        -0.04384386776802963,
        0.9972398059354077,
        -0.059920653509869616
      ],
      [
        -0.4216116755835192,
        0.0359060467610195,
        0.9060653126666162
      ]
    ],
    "fx": 1159.5610486377916,
    "fy": 1165.310204536505
  },
  {
    "id": 41,
    "img_name": "frame0041",
    "width": 1959,
    "height": 1090,
    "position": [
      -2.713936329953083,
      -0.13894070664117197,
      -3.643668684157879
    ],
    "rotation": [
      [
        0.9064104328157259,
        0.06484339826606089,
        0.4173912564778013
      ],
      [
        -0.04372206632927932,
        0.9972416902381382,
        -0.05997826412025673
      ],
      [
        -0.4201291565681996,
        0.03611571613979416,
        0.9067453594306415
      ]
    ],
    "fx": 1159.5610486377916,
    "fy": 1165.310204536505
  },
  {
    "id": 42,
    "img_name": "frame0042",
    "width": 1959,
    "height": 1090,
    "position": [
      -2.7067027118819835,
      -0.1396776381712751,
      -3.6410229947926793
    ],
    "rotation": [
      [
        0.9071025106770586,
        0.06469779756734474,
        0.4159077182660982
      ],
      [
        -0.0436003583658527,
        0.9972435403065132,
        -0.060036073050303486
      ],
      [
        -0.41864548710543437,
        0.036325147031595596,
        0.9074229663279341
      ]
    ],
    "fx": 1159.5610486377916,
    "fy": 1165.310204536505
  },
  {
    "id": 43,
    "img_name": "frame0043",
    "width": 1959,
    "height": 1090,
    "position": [
      -2.6994690938108836,
      -0.1404145697013782,
      -3.63837730542748
    ],
    "rotation": [
      [
        0.9077921420625918,
        0.06455185318479359,
        0.414423074960625
      ],
      [
        -0.043478744207791464,
        0.9972453561355151,
        -0.06009408014324647
      ],
      [
        -0.4171606712185659,
        0.036534338868499376,
        0.9080981315209922
      ]
    ],
    "fx": 1159.5610486377916,
    "fy": 1165.310204536505
  },
  {
    "id": 44,
    "img_name": "frame0044",
    "width": 1959,
    "height": 1090,
    "position": [
      -2.6922354757397846,
      -0.1411515012314813,
      -3.635731616062281
    ],
    "rotation": [
      [
        0.9084793251022174,
        0.06440556551417231,
        0.41293733058736576
      ],
      [
        -0.04335722418488301,
        0.9972471377202208,
        -0.060152285241784884
      ],
      [
        -0.41567471293404595,
        0.03674329108322924,
        0.9087708531789364
      ]
    ],
    "fx": 1159.5610486377916,
    "fy": 1165.310204536505
  },
  {
    "id": 45,
    "img_name": "frame0045",
    "width": 1959,
    "height": 1090,
    "position": [
      -2.685001857668685,
      -0.14188843276158442,
      -3.633085926697081
    ],
    "rotation": [
      [
        0.9091640579324656,
        0.06425893495217669,
        0.4114504891752891
      ],
      [
        -0.04323579862665939,
        0.9972488850557983,
        -0.06021068818808095
      ],
      [
        -0.4141876162814235,
        0.03695200310915875,
        0.9094411294775123
      ]
    ],
    "fx": 1159.5610486377916,
    "fy": 1165.310204536505
  },
  {
    "id": 46,
    "img_name": "frame0046",
    "width": 1959,
    "height": 1090,
    "position": [
      -2.6777682395975857,
      -0.14262536429168748,
      -3.630440237331882
    ],
    "rotation": [
      [
        0.909846338696511,
        0.06411196189643234,
        0.40996255475633936
      ],
      [
        -0.04311446786239651,
        0.9972505981375097,
        -0.06026928882376044
      ],
      [
        -0.41269938529333494,
        0.03716047438031281,
        0.9101089585990976
      ]
    ],
    "fx": 1159.5610486377916,
    "fy": 1165.310204536505
  },
  {
    "id": 47,
    "img_name": "frame0047",
    "width": 1959,
    "height": 1090,
    "position": [
      -2.6705346215264867,
      -0.1433622958217906,
      -3.6277945479666824
    ],
    "rotation": [
      [
        0.9105261655441781,
        0.06396464674549358,
        0.40847353136542436
      ],
      [
        -0.04299323222111323,
        0.9972522769607092,
        -0.06032808698991293
      ],
      [
        -0.4112100240054923,
        0.03736870433136917,
        0.9107743387327056
      ]
    ],
    "fx": 1159.5610486377916,
    "fy": 1165.310204536505
  },
  {
    "id": 48,
    "img_name": "frame0048",
    "width": 1959,
    "height": 1090,
    "position": [
      -2.6633010034553872,
      -0.1440992273518937,
      -3.625148858601483
    ],
    "rotation": [
      [
        0.9112035366319456,
        0.06381698989884253,
        0.4069834230404055
      ],
      [
        -0.042872092031570476,
        0.9972539215208446,
        -0.0603870825270925
      ],
      [
        -0.4097195364566733,
        0.03757669239766001,
        0.9114372680739913
      ]
    ],
    "fx": 1159.5610486377916,
    "fy": 1165.310204536505
  },
  {
    "id": 49,
    "img_name": "frame0049",
    "width": 1959,
    "height": 1090,
    "position": [
      -2.656067385384288,
      -0.1448361588819968,
      -3.6225031692362837
    ],
    "rotation": [
      [
        0.9118784501229517,
        0.0636689917568878,
        0.40549223382208577
      ],
      [
        -0.04275104762227029,
        0.997255531813456,
        -0.06044627527531788
      ],
      [
        -0.4082279266887091,
        0.037784438015173415,
        0.9120977448252547
      ]
    ],
    "fx": 1159.5610486377916,
    "fy": 1165.310204536505
  },
  {
    "id": 50,
    "img_name": "frame0050",
    "width": 1959,
    "height": 1090,
    "position": [
      -2.6488337673131883,
      -0.14557309041209993,
      -3.619857479871084
    ],
    "rotation": [
      [
        0.9125509041869984,
        0.06352065272096355,
        0.4039999677541996
      ],
      [
        -0.042630099321455,
        0.9972571078341768,
        -0.06050566507407309
      ],
      [
        -0.40673519874647496,
        0.037991940620554936,
        0.9127557671954474
      ]
    ],
    "fx": 1159.5610486377916,
    "fy": 1165.310204536505
  },
  {
    "id": 51,
    "img_name": "frame0051",
    "width": 1959,
    "height": 1090,
    "position": [
      -2.641600149242089,
      -0.14631002194220302,
      -3.617211790505885
    ],
    "rotation": [
      [
        0.9132208970005583,
        0.06337197319332835,
        0.4025066288834013
      ],
      [
        -0.04250924745710634,
        0.9972586495787334,
        -0.06056525176230776
      ],
      [
        -0.4052413566778773,
        0.038199199651109156,
        0.9134113334001766
      ]
    ],
    "fx": 1159.5610486377916,
    "fy": 1165.310204536505
  },
  {
    "id": 52,
    "img_name": "frame0052",
    "width": 1959,
    "height": 1090,
    "position": [
      -2.63436653117099,
      -0.14704695347230612,
      -3.614566101140686
    ],
    "rotation": [
      [
        0.9138884267467767,
        0.06322295357716408,
        0.40101222125925434
      ],
      [
        -0.04238849235694448,
        0.9972601570429446,
        -0.06062503517843758
      ],
      [
        -0.4037464045338443,
        0.03840621454480109,
        0.9140644416617092
      ]
    ],
    "fx": 1159.5610486377916,
    "fy": 1165.310204536505
  },
  {
    "id": 53,
    "img_name": "frame0053",
    "width": 1959,
    "height": 1090,
    "position": [
      -2.6271329130998904,
      -0.14778388500240922,
      -3.611920411775486
    ],
    "rotation": [
      [
        0.9145534916154795,
        0.06307359427657488,
        0.39951674893422057
      ],
      [
        -0.04226783434842722,
        0.9972616302227227,
        -0.060685015160344816
      ],
      [
        -0.4022503463683144,
        0.038612984740257844,
        0.9147150902089785
      ]
    ],
    "fx": 1159.5610486377916,
    "fy": 1165.310204536505
  },
  {
    "id": 54,
    "img_name": "frame0054",
    "width": 1959,
    "height": 1090,
    "position": [
      -2.619899295028791,
      -0.14852081653251234,
      -3.609274722410287
    ],
    "rotation": [
      [
        0.915216089803176,
        0.06292389569658606,
        0.39802021596364917
      ],
      [
        -0.04214727375874909,
        0.9972630691140729,
        -0.0607451915453787
      ],
      [
        -0.4007531862382255,
        0.03881950967677008,
        0.9153632772775874
      ]
    ],
    "fx": 1159.5610486377916,
    "fy": 1165.310204536505
  },
  {
    "id": 55,
    "img_name": "frame0055",
    "width": 1959,
    "height": 1090,
    "position": [
      -2.612665676957692,
      -0.14925774806261544,
      -3.6066290330450874
    ],
    "rotation": [
      [
        0.9158762195130649,
        0.0627738582431429,
        0.3965226264057652
      ],
      [
        -0.04202681091484041,
        0.9972644737130933,
        -0.060805564170355805
      ],
      [
        -0.39925492820350317,
        0.03902578879429354,
        0.9160090011098138
      ]
    ],
    "fx": 1159.5610486377916,
    "fy": 1165.310204536505
  },
  {
    "id": 56,
    "img_name": "frame0056",
    "width": 1959,
    "height": 1090,
    "position": [
      -2.6054320588865925,
      -0.14999467959271853,
      -3.6039833436798876
    ],
    "rotation": [
      [
        0.9165338789550382,
        0.06262348232310966,
        0.39502398432165897
      ],
      [
        -0.041906446143366465,
        0.9972658440159747,
        -0.0608661328715606
      ],
      [
        -0.3977555763270507,
        0.039231821533450555,
        0.9166522599546151
      ]
    ],
    "fx": 1159.5610486377916,
    "fy": 1165.310204536505
  },
  {
    "id": 57,
    "img_name": "frame0057",
    "width": 1959,
    "height": 1090,
    "position": [
      -2.5981984408154934,
      -0.15073161112282163,
      -3.6013376543146887
    ],
    "rotation": [
      [
        0.9171890663456878,
        0.06247276834426846,
        0.39352429377527537
      ],
      [
        -0.04178617977072656,
        0.9972671800190017,
        -0.060926897484745855
      ],
      [
        -0.39625513467473755,
        0.03943760733553161,
        0.9172930520676336
      ]
    ],
    "fx": 1159.5610486377916,
    "fy": 1165.310204536505
  },
  {
    "id": 58,
    "img_name": "frame0058",
    "width": 1959,
    "height": 1090,
    "position": [
      -2.5909648227443935,
      -0.15146854265292475,
      -3.5986919649494897
    ],
    "rotation": [
      [
        0.9178417799083078,
        0.062321716715318096,
        0.3920235588334018
      ],
      [
        -0.041666012123053195,
        0.997268481718551,
        -0.06098785784513301
      ],
      [
        -0.394753607315388,
        0.039643145642496755,
        0.9179313757112003
      ]
    ],
    "fx": 1159.5610486377916,
    "fy": 1165.310204536505
  },
  {
    "id": 59,
    "img_name": "frame0059",
    "width": 1959,
    "height": 1090,
    "position": [
      -2.5837312046732945,
      -0.15220547418302788,
      -3.5960462755842895
    ],
    "rotation": [
      [
        0.9184920178729012,
        0.06217032784587302,
        0.39052178356565825
      ],
      [
        -0.04154594352621112,
        0.9972697491110925,
        -0.061049013787412766
      ],
      [
        -0.39325099832077104,
        0.03984843589697724,
        0.91856722915434
      ]
    ],
    "fx": 1159.5610486377916,
    "fy": 1165.310204536505
  },
  {
    "id": 60,
    "img_name": "frame0060",
    "width": 1959,
    "height": 1090,
    "position": [
      -2.576497586602195,
      -0.15294240571313095,
      -3.5934005862190905
    ],
    "rotation": [
      [
        0.919139778476185,
        0.062018602146462196,
        0.3890189720444859
      ],
      [
        -0.041425974305796545,
        0.9972709821931897,
        -0.0611103651457454
      ],
      [
        -0.3917473117655884,
        0.04005347754227695,
        0.9192006106727766
      ]
    ],
    "fx": 1159.5610486377916,
    "fy": 1165.310204536505
  },
  {
    "id": 61,
    "img_name": "frame0061",
    "width": 1959,
    "height": 1090,
    "position": [
      -2.5692639685310956,
      -0.15367933724323407,
      -3.590754896853891
    ],
    "rotation": [
      [
        0.9197850599615934,
        0.06186654002852798,
        0.3875151283451356
      ],
      [
        -0.041306104787136116,
        0.9972721809614988,
        -0.0611719117537613
      ],
      [
        -0.39024255172746414,
        0.04025827002237395,
        0.919831518548937
      ]
    ],
    "fx": 1159.5610486377916,
    "fy": 1165.310204536505
  },
  {
    "id": 62,
    "img_name": "frame0062",
    "width": 1959,
    "height": 1090,
    "position": [
      -2.562030350459996,
      -0.15441626877333717,
      -3.5881092074886918
    ],
    "rotation": [
      [
        0.9204278605792833,
        0.06171414190442505,
        0.38601025654565757
      ],
      [
        -0.0411863352952862,
        0.997273345412769,
        -0.06123365344456135
      ],
      [
        -0.3887367222869331,
        0.04046281278192195,
        0.9204599510719559
      ]
    ],
    "fx": 1159.5610486377916,
    "fy": 1165.310204536505
  },
  {
    "id": 63,
    "img_name": "frame0063",
    "width": 1959,
    "height": 1090,
    "position": [
      -2.554796732388897,
      -0.15515320030344026,
      -3.5854635181234924
    ],
    "rotation": [
      [
        0.9210681785861391,
        0.061561408187419155,
        0.3845043607268898
      ],
      [
        -0.04106666615503183,
        0.9972744755438422,
        -0.06129559005071747
      ],
      [
        -0.38722982752743024,
        0.04066710526625189,
        0.9210859065376802
      ]
    ],
    "fx": 1159.5610486377916,
    "fy": 1165.310204536505
  },
  {
    "id": 64,
    "img_name": "frame0064",
    "width": 1959,
    "height": 1090,
    "position": [
      -2.547563114317798,
      -0.1558901318335434,
      -3.582817828758293
    ],
    "rotation": [
      [
        0.9217060122457782,
        0.06140833929168618,
        0.3829974449724472
      ],
      [
        -0.04094709769088596,
        0.9972755713516545,
        -0.06135772140427296
      ],
      [
        -0.3857218715352794,
        0.04087114692137334,
        0.9217093832486751
      ]
    ],
    "fx": 1159.5610486377916,
    "fy": 1165.310204536505
  },
  {
    "id": 65,
    "img_name": "frame0065",
    "width": 1959,
    "height": 1090,
    "position": [
      -2.5403294962466982,
      -0.15662706336364648,
      -3.5801721393930936
    ],
    "rotation": [
      [
        0.9223413598285541,
        0.061254935632310895,
        0.3814895133687104
      ],
      [
        -0.04082763022708853,
        0.9972766328332339,
        -0.061420047336743076
      ],
      [
        -0.3842128583996821,
        0.04107493719397611,
        0.9223303795142266
      ]
    ],
    "fx": 1159.5610486377916,
    "fy": 1165.310204536505
  },
  {
    "id": 66,
    "img_name": "frame0066",
    "width": 1959,
    "height": 1090,
    "position": [
      -2.533095878175599,
      -0.15736399489374958,
      -3.577526450027894
    ],
    "rotation": [
      [
        0.9229742196115619,
        0.06110119762528589,
        0.3799805700048151
      ],
      [
        -0.0407082640876056,
        0.9972776599857017,
        -0.06148256767911536
      ],
      [
        -0.38270279221270675,
        0.041278475531431616,
        0.9229488936503467
      ]
    ],
    "fx": 1159.5610486377916,
    "fy": 1165.310204536505
  },
  {
    "id": 67,
    "img_name": "frame0067",
    "width": 1959,
    "height": 1090,
    "position": [
      -2.5258622601044998,
      -0.1581009264238527,
      -3.574880760662695
    ],
    "rotation": [
      [
        0.9236045898786438,
        0.06094712568751036,
        0.3784706189726401
      ],
      [
        -0.040588999596128425,
        0.997278652806273,
        -0.06154528226185021
      ],
      [
        -0.38119167706927704,
        0.04148176138179457,
        0.9235649239797796
      ]
    ],
    "fx": 1159.5610486377916,
    "fy": 1165.310204536505
  },
  {
    "id": 68,
    "img_name": "frame0068",
    "width": 1959,
    "height": 1090,
    "position": [
      -2.5186286420334003,
      -0.1588378579539558,
