    [
        {
        "id": 0,
        "img_name": "img_0",
        "width": 1957,
        "height": 1091,
        "position": [
            -0.7955898060500126,
            -0.45955170823405045,
            4.864313432498266
        ],
        "rotation": [
            [
                -0.9363226746586572,
                -0.07764816642488315,
                0.3424479685600605
            ],
            [
                0.058056663158792716,
                0.9275887719985383,
                0.3690643451006027
            ],
            [
                -0.34630805790929603,
                0.36544470259417616,
                -0.8640144070849473
            ]
        ],
        "fx": 1163.2547280302354,
        "fy": 1156.280404988286
    },
    {
        "id": 1,
        "img_name": "img_1",
        "width": 1957,
        "height": 1091,
        "position": [
            -0.7817747620921245,
            -0.45836804088517613,
            4.857563290577618
        ],
        "rotation": [
            [
                -0.9373510168978173,
                -0.07718401978519626,
                0.33972885984329665
            ],
            [
                0.05730047291327324,
                0.9277136309868783,
                0.36886863730537506
            ],
            [
                -0.3436418559024806,
                0.3652260181207852,
                -0.8651706351060695
            ]
        ],
        "fx": 1163.2547280302354,
        "fy": 1156.280404988286
    },
    {
        "id": 2,
        "img_name": "img_2",
        "width": 1957,
        "height": 1091,
        "position": [
            -0.7679155164660414,
            -0.4572011856656385,
            4.850902239552102
        ],
        "rotation": [
            [
                -0.938371186993119,
                -0.07672059368211155,
                0.33700662593811004
            ],
            [
                0.056544921993062144,
                0.927838675822202,
                0.3686706665179953
            ],
            [
                -0.3409724115453732,
                0.36500594583564705,
                -0.8663189201285967
            ]
        ],
        "fx": 1163.2547280302354,
        "fy": 1156.280404988286
    },
    {
        "id": 3,
        "img_name": "img_3",
        "width": 1957,
        "height": 1091,
        "position": [
            -0.7540081194395876,
            -0.4560526448582889,
            4.844338240324308
        ],
        "rotation": [
            [
                -0.9393832234150794,
                -0.07625787063987544,
                0.3342811641893199
            ],
            [
                0.055789981906405404,
                0.9279639112199387,
                0.3684704252730044
            ],
            [
                -0.33829962417348153,
                0.36478447743985687,
                -0.8674593054542475
            ]
        ],
        "fx": 1163.2547280302354,
        "fy": 1156.280404988286
    },
    {
        "id": 4,
        "img_name": "img_4",
        "width": 1957,
        "height": 1091,
        "position": [
            -0.7400311218658184,
            -0.45493145052109785,
            4.837919220439016
        ],
        "rotation": [
            [
                -0.9403870857941966,
                -0.07579586904476374,
                0.33155258271840865
            ],
            [
                0.05503568263810393,
                0.9280893322128897,
                0.36826792146597176
            ],
            [
                -0.3356235998144422,
                0.3645616216923975,
                -0.8685917456237475
            ]
        ],
        "fx": 1163.2547280302354,
        "fy": 1156.280404988286
    },
    {
        "id": 5,
        "img_name": "img_5",
        "width": 1957,
        "height": 1091,
        "position": [
            -0.7260304985062653,
            -0.4538197049162537,
            4.831550305633331
        ],
        "rotation": [
            [
                -0.941382771066473,
                -0.07533459034923906,
                0.32882089020638744
            ],
            [
                0.05428202656703678,
                0.9282149384014391,
                0.36806315576944665
            ],
            [
                -0.3329443469845246,
                0.3643373793180564,
                -0.8697162371628875
            ]
        ],
        "fx": 1163.2547280302354,
        "fy": 1156.280404988286
    },
    {
        "id": 6,
        "img_name": "img_6",
        "width": 1957,
        "height": 1091,
        "position": [
            -0.711976291390835,
            -0.4527296352492822,
            4.825296352133524
        ],
        "rotation": [
            [
                -0.9423702812987995,
                -0.07487403356124715,
                0.3260860806950992
            ],
            [
                0.05352901206629086,
                0.9283407300600243,
                0.36785612771397225
            ],
            [
                -0.33026185983795553,
                0.364111749814999,
                -0.8708327824204214
            ]
        ],
        "fx": 1163.2547280302354,
        "fy": 1156.280404988286
    },
    {
        "id": 7,
        "img_name": "img_7",
        "width": 1957,
        "height": 1091,
        "position": [
            -0.6978947331554777,
            -0.4516509233773939,
            4.819102656736094
        ],
        "rotation": [
            [
                -0.9433495878496664,
                -0.07441421204592216,
                0.32334823356475767
            ],
            [
                0.05277666098924399,
                0.9284667035373342,
                0.36764684331347186
            ],
            [
                -0.32757621623666094,
                0.3638847397349681,
                -0.8719413490092942
            ]
        ],
        "fx": 1163.2547280302354,
        "fy": 1156.280404988286
    },
    {
        "id": 8,
        "img_name": "img_8",
        "width": 1957,
        "height": 1091,
        "position": [
            -0.6837818713221442,
            -0.4505852106021476,
            4.812977927268278
        ],
        "rotation": [
            [
                -0.9443207032569776,
                -0.07395511991624262,
                0.3206073137631478
            ],
            [
                0.05202496370366643,
                0.9285928604461876,
                0.3674352998885126
            ],
            [
                -0.3248873817967801,
                0.36365634617159126,
                -0.8730419511223058
            ]
        ],
        "fx": 1163.2547280302354,
        "fy": 1156.280404988286
    },
    {
        "id": 9,
        "img_name": "img_9",
        "width": 1957,
        "height": 1091,
        "position": [
            -0.6696359056204011,
            -0.4495335722151369,
            4.8069278908943
        ],
        "rotation": [
            [
                -0.9452836007689887,
                -0.07349676980450355,
                0.317863396674608
            ],
            [
                0.05127394089062684,
                0.9287191973170463,
                0.36722150324789626
            ],
            [
                -0.322195430469316,
                0.3634265754012366,
                -0.8741345584467756
            ]
        ],
        "fx": 1163.2547280302354,
        "fy": 1156.280404988286
    },
    {
        "id": 10,
        "img_name": "img_10",
        "width": 1957,
        "height": 1091,
        "position": [
            -0.6554721437125843,
            -0.4484895000349004,
            4.8009180085492655
        ],
        "rotation": [
            [
                -0.9462382867828543,
                -0.07303915866558743,
                0.3151164640695119
            ],
            [
                0.05052358756059168,
                0.9288457149892494,
                0.3670054519712327
            ],
            [
                -0.3195003443698848,
                0.3631954258973875,
                -0.8752191782416057
            ]
        ],
        "fx": 1163.2547280302354,
        "fy": 1156.280404988286
    },
    {
        "id": 11,
        "img_name": "img_11",
        "width": 1957,
        "height": 1091,
        "position": [
            -0.6412745195966203,
            -0.4474601331518644,
            4.7949861880209985
        ],
        "rotation": [
            [
                -0.9471847407353666,
                -0.07258229634204974,
                0.3123665749976957
            ],
            [
                0.04977391985019773,
                0.9289724107432745,
                0.36678715069404033
            ],
            [
                -0.31680218143302286,
                0.3629629026240428,
                -0.8762957871508051
            ]
        ],
        "fx": 1163.2547280302354,
        "fy": 1156.280404988286
    },
    {
        "id": 12,
        "img_name": "img_12",
        "width": 1957,
        "height": 1091,
        "position": [
            -0.6270664396384535,
            -0.4464353069138567,
            4.789078471119836
        ],
        "rotation": [
            [
                -0.9481229633728558,
                -0.07212618247362917,
                0.3096137272907241
            ],
            [
                0.04902493716829172,
                0.9290992846790284,
                0.36656659924417667
            ],
            [
                -0.31410093953108403,
                0.36272900539784514,
                -0.8773643860233377
            ]
        ],
        "fx": 1163.2547280302354,
        "fy": 1156.280404988286
    },
    {
        "id": 13,
        "img_name": "img_13",
        "width": 1957,
        "height": 1091,
        "position": [
            -0.6128270719094491,
            -0.4454243296504422,
            4.78324428732301
        ],
        "rotation": [
            [
                -0.9490529387237404,
                -0.07167082481719013,
                0.30685796774706003
            ],
            [
                0.04827665225110526,
                0.9292263346397508,
                0.3663438013662763
            ],
            [
                -0.3113966645848175,
                0.3624937381924065,
                -0.878424956671415
            ]
        ],
        "fx": 1163.2547280302354,
        "fy": 1156.280404988286
    },
    {
        "id": 14,
        "img_name": "img_14",
        "width": 1957,
        "height": 1091,
        "position": [
            -0.5985803078681506,
            -0.4444166262329521,
            4.7774274864777
        ],
        "rotation": [
            [
                -0.9499746645985854,
                -0.07121622444477885,
                0.30409930285457104
            ],
            [
                0.047529066860320594,
                0.9293535603263281,
                0.36611875758486995
            ],
            [
                -0.30868936296088045,
                0.3622571015616139,
                -0.8794774965981422
            ]
        ],
        "fx": 1163.2547280302354,
        "fy": 1156.280404988286
    },
    {
        "id": 15,
        "img_name": "img_15",
        "width": 1957,
        "height": 1091,
        "position": [
            -0.584306959858331,
            -0.4434208932693229,
            4.771674257438511
        ],
        "rotation": [
            [
                -0.9508881272004446,
                -0.07076238815879696,
                0.3013377738872025
            ],
            [
                0.046782192182031966,
                0.9294809598352941,
                0.3658914712655528
            ],
            [
                -0.3059790751646201,
                0.3620190990451352,
                -0.8805219900494472
            ]
        ],
        "fx": 1163.2547280302354,
        "fy": 1156.280404988286
    },
    {
        "id": 16,
        "img_name": "img_16",
        "width": 1957,
        "height": 1091,
        "position": [
            -0.5700263727222894,
            -0.44242842000058735,
            4.765938339747262
        ],
        "rotation": [
            [
                -0.9517933235222249,
                -0.07030931745326151,
                0.29857338993583127
            ],
            [
                0.04603603067492931,
                0.9296085327472542,
                0.3656619431565448
            ],
            [
                -0.30326581011822884,
                0.36177973142646735,
                -0.8815584335868871
            ]
        ],
        "fx": 1163.2547280302354,
        "fy": 1156.280404988286
    },
    {
        "id": 17,
        "img_name": "img_17",
        "width": 1957,
        "height": 1091,
        "position": [
            -0.5557251559469663,
            -0.44144538013711,
            4.76025252932227
        ],
        "rotation": [
            [
                -0.9526902404762041,
                -0.06985701887868538,
                0.29580619096762556
            ],
            [
                0.04529059312701542,
                0.9297362772177741,
                0.3654301765762322
            ],
            [
                -0.3005496070497943,
                0.36153900216630247,
                -0.8825868122251858
            ]
        ],
        "fx": 1163.2547280302354,
        "fy": 1156.280404988286
    },
    {
        "id": 18,
        "img_name": "img_18",
        "width": 1957,
        "height": 1091,
        "position": [
            -0.5414149715957848,
            -0.44046644091621345,
            4.754588500214203
        ],
        "rotation": [
            [
                -0.953578875046038,
                -0.06940549395615576,
                0.29303618628871525
            ],
            [
                0.044545882045207576,
                0.9298641928172476,
                0.3651961723040497
            ],
            [
                -0.29783047509394556,
                0.3612969120742169,
                -0.8836071225058911
            ]
        ],
        "fx": 1163.2547280302354,
        "fy": 1156.280404988286
    },
    {
        "id": 19,
        "img_name": "img_19",
        "width": 1957,
        "height": 1091,
        "position": [
            -0.5270907154110662,
            -0.43949402574107943,
            4.748959130288711
        ],
        "rotation": [
            [
                -0.9544592146060449,
                -0.06895474909979903,
                0.29026341524586907
            ],
            [
                0.043801908008300756,
                0.9299922777287,
                0.3649599336632775
            ],
            [
                -0.2951084528747689,
                0.36105346458863546,
                -0.8846193499329491
            ]
        ],
        "fx": 1163.2547280302354,
        "fy": 1156.280404988286
    },
    {
        "id": 20,
        "img_name": "img_20",
        "width": 1957,
        "height": 1091,
        "position": [
            -0.512754634208604,
            -0.43852709293302283,
            4.743358885597526
        ],
        "rotation": [
            [
                -0.9553312558126529,
                -0.06850478602156508,
                0.28748788837020456
            ],
            [
                0.04305867384194435,
                0.9301205314656588,
                0.3647214615511616
            ],
            [
                -0.29238355073063577,
                0.36080866063418354,
                -0.8856234906618711
            ]
        ],
        "fx": 1163.2547280302354,
        "fy": 1156.280404988286
    },
    {
        "id": 21,
        "img_name": "img_21",
        "width": 1957,
        "height": 1091,
        "position": [
            -0.4984111620662654,
            -0.43756362921672787,
            4.737777073142044
        ],
        "rotation": [
            [
                -0.9561949871431566,
                -0.06805561066291373,
                0.2847096423017603
            ],
            [
                0.042316189359395656,
                0.9302489523350812,
                0.3644807591134476
            ],
            [
                -0.2896558046330757,
                0.3605625034412345,
                -0.8866195314261868
            ]
        ],
        "fx": 1163.2547280302354,
        "fy": 1156.280404988286
    },
    {
        "id": 22,
        "img_name": "img_22",
        "width": 1957,
        "height": 1091,
        "position": [
            -0.4840524467482766,
            -0.43660732020280635,
            4.73223327558199
        ],
        "rotation": [
            [
                -0.9570504039607663,
                -0.06760722543516383,
                0.2819286919550631
            ],
            [
                0.04157445854655233,
                0.930377539647562,
                0.3642378276423047
            ],
            [
                -0.2869252292255159,
                0.36031499433124015,
                -0.8876074668788255
            ]
        ],
        "fx": 1163.2547280302354,
        "fy": 1156.280404988286
    },
    {
        "id": 23,
        "img_name": "img_23",
        "width": 1957,
        "height": 1091,
        "position": [
            -0.4696927845656274,
            -0.43565146051765724,
            4.726691865723368
        ],
        "rotation": [
            [
                -0.9578974968899259,
                -0.06715963524480303,
                0.2791450677439948
            ],
            [
                0.040833489518629355,
                0.9305062919968975,
                0.3639926697901345
            ],
            [
                -0.2841918543705265,
                0.36006613600862053,
                -0.8885872861951192
            ]
        ],
        "fx": 1163.2547280302354,
        "fy": 1156.280404988286
    },
    {
        "id": 24,
        "img_name": "img_24",
        "width": 1957,
        "height": 1091,
        "position": [
            -0.45531433130974186,
            -0.4347045180201752,
            4.721197841171657
        ],
        "rotation": [
            [
                -0.9587362588782935,
                -0.06671284381817419,
                0.2763587928431906
            ],
            [
                0.040093288444450266,
                0.9306352083111791,
                0.36374528759796143
            ],
            [
                -0.28145570282439997,
                0.3598159305452078,
                -0.8895589812177321
            ]
        ],
        "fx": 1163.2547280302354,
        "fy": 1156.280404988286
    },
    {
        "id": 25,
        "img_name": "img_25",
        "width": 1957,
        "height": 1091,
        "position": [
            -0.44093587805385664,
            -0.43375757552269345,
            4.715703816619946
        ],
        "rotation": [
            [
                -0.9595666822254618,
                -0.06626685525557945,
                0.27356989281965166
            ],
            [
                0.03935386211676445,
                0.9307642874074823,
                0.36349568333492993
            ],
            [
                -0.2787167996941277,
                0.3595643802364279,
                -0.8905225430264914
            ]
        ],
        "fx": 1163.2547280302354,
        "fy": 1156.280404988286
    },
    {
        "id": 26,
        "img_name": "img_26",
        "width": 1957,
        "height": 1091,
        "position": [
            -0.42654526231307094,
            -0.4328164609425361,
            4.71024076455714
        ],
        "rotation": [
            [
                -0.960388758741907,
                -0.06582167396072247,
                0.2707783952223431
            ],
            [
                0.0386152178375106,
                0.9308935280106926,
                0.3632438594695835
            ],
            [
                -0.27597517203505845,
                0.35931148756874914,
                -0.8914779621166027
            ]
        ],
        "fx": 1163.2547280302354,
        "fy": 1156.280404988286
    },
    {
        "id": 27,
        "img_name": "img_27",
        "width": 1957,
        "height": 1091,
        "position": [
            -0.4121496586635418,
            -0.431877736426582,
            4.704790414499681
        ],
        "rotation": [
            [
                -0.9612024827348694,
                -0.06537730301641911,
                0.2679843193819792
            ],
            [
                0.03787736072169245,
                0.9310229292258384,
                0.3629898177457656
            ],
            [
                -0.273230838832565,
                0.35905725429341684,
                -0.8924252318719289
            ]
        ],
        "fx": 1163.2547280302354,
        "fy": 1156.280404988286
    },
    {
        "id": 28,
        "img_name": "img_28",
        "width": 1957,
        "height": 1091,
        "position": [
            -0.3977494355365453,
            -0.43094124441499415,
            4.699351930213042
        ],
        "rotation": [
            [
                -0.9620078455332768,
                -0.06493374715673292,
                0.26518769506258905
            ],
            [
                0.03714029862982671,
                0.9311524896744786,
                0.3627335608690495
            ],
            [
                -0.2704838293207357,
                0.3588016831183182,
                -0.8933643421988195
            ]
        ],
        "fx": 1163.2547280302354,
        "fy": 1156.280404988286
    },
    {
        "id": 29,
        "img_name": "img_29",
        "width": 1957,
        "height": 1091,
        "position": [
            -0.3833390079696595,
            -0.4300096840123958,
            4.693939657450524
        ],
        "rotation": [
            [
                -0.9628048412254006,
                -0.06449100963756613,
                0.2623885427926661
            ],
            [
                0.03640403697228351,
                0.9312822084055817,
                0.3624750907204776
            ],
            [
                -0.26773416366386943,
                0.35854477591946204,
                -0.8942952862037787
            ]
        ],
        "fx": 1163.2547280302354,
        "fy": 1156.280404988286
    },
    {
        "id": 30,
        "img_name": "img_30",
        "width": 1957,
        "height": 1091,
        "position": [
            -0.3689285804027737,
            -0.4290781236097977,
            4.688527384688007
        ],
        "rotation": [
            [
                -0.9635934620954272,
                -0.06404909474065539,
                0.25958688963399357
            ],
            [
                0.03566858286883649,
                0.9314120841650939,
                0.362214409796595
            ],
            [
                -0.26498186844511884,
                0.35828653517930303,
                -0.8952180548760932
            ]
        ],
        "fx": 1163.2547280302354,
        "fy": 1156.280404988286
    },
    {
        "id": 31,
        "img_name": "img_31",
        "width": 1957,
        "height": 1091,
        "position": [
            -0.3545072544292248,
            -0.42815186959861096,
            4.683143317720479
        ],
        "rotation": [
            [
                -0.9643737008734371,
                -0.06360800654172653,
                0.25678276142969214
            ],
            [
                0.0349339431027631,
                0.9315421157549896,
                0.36195152050296825
            ],
            [
                -0.26222696905240056,
                0.35802696328046374,
                -0.8961326397083926
            ]
        ],
        "fx": 1163.2547280302354,
        "fy": 1156.280404988286
    },
    {
        "id": 32,
        "img_name": "img_32",
        "width": 1957,
        "height": 1091,
        "position": [
            -0.34008410769201636,
            -0.4272265021101006,
            4.677763963009345
        ],
        "rotation": [
            [
                -0.9651455511375536,
                -0.06316774867122361,
                0.25397618125957594
            ],
            [
                0.03420012372063089,
                0.931672302105024,
                0.361686425003348
            ],
            [
                -0.25946948816034393,
                0.3577660623593912,
                -0.8970390331730448
            ]
        ],
        "fx": 1163.2547280302354,
        "fy": 1156.280404988286
    },
    {
        "id": 33,
        "img_name": "img_33",
        "width": 1957,
        "height": 1091,
        "position": [
            -0.3256572191301945,
            -0.42630296826940317,
            4.672394355621644
        ],
        "rotation": [
            [
                -0.9659090054256931,
                -0.06272832538614782,
                0.25116717626273904
            ],
            [
                0.033467131818080864,
                0.9318026419563125,
                0.361419125861497
            ],
            [
                -0.25670945243329185,
                0.3575038349391368,
                -0.8979372265069441
            ]
        ],
        "fx": 1163.2547280302354,
        "fy": 1156.280404988286
    },
    {
        "id": 34,
        "img_name": "img_34",
        "width": 1957,
        "height": 1091,
        "position": [
            -0.3112232689990969,
            -0.4253828948878119,
            4.6670431433771595
        ],
        "rotation": [
            [
                -0.9666640576294399,
                -0.06228974020233442,
                0.24835576891409725
            ],
            [
                0.032734973259799155,
                0.9319331342660028,
                0.3611496252160824
            ],
            [
                -0.25394688395435533,
                0.35724028311778844,
                -0.8988272125236253
            ]
        ],
        "fx": 1163.2547280302354,
        "fy": 1156.280404988286
    },
    {
        "id": 35,
        "img_name": "img_35",
        "width": 1957,
        "height": 1091,
        "position": [
            -0.296789318867999,
            -0.4244628215062207,
            4.661691931132677
        ],
        "rotation": [
            [
                -0.9674107006920315,
                -0.06185199721612349,
                0.2455419854667001
            ],
            [
                0.0320036548836912,
                0.9320637778155791,
                0.360877925582395
            ],
            [
                -0.25118180852040944,
                0.3569754093556699,
                -0.8997089829063609
            ]
        ],
        "fx": 1163.2547280302354,
        "fy": 1156.280404988286
    },
    {
        "id": 36,
        "img_name": "img_36",
        "width": 1957,
        "height": 1091,
        "position": [
            -0.28234829535832545,
            -0.4235462334455621,
            4.656359247290538
        ],
        "rotation": [
            [
                -0.9681489277989712,
                -0.06141510042418842,
                0.2427258516136862
            ],
            [
                0.03127318336702935,
                0.9321945714120992,
                0.3606040294420746
            ],
            [
                -0.2484142513798937,
                0.35670921607178135,
                -0.900582529606755
            ]
        ],
        "fx": 1163.2547280302354,
        "fy": 1156.280404988286
    },
    {
        "id": 37,
        "img_name": "img_37",
        "width": 1957,
        "height": 1091,
        "position": [
            -0.2679052960995485,
            -0.42263061891115106,
            4.651031738835792
        ],
        "rotation": [
            [
                -0.9688787327369613,
                -0.06097905350367634,
                0.23990739105708184
            ],
            [
                0.030543564857836634,
                0.9323255139547357,
                0.36032793910037114
            ],
            [
                -0.24564423582598735,
                0.35644170550654186,
                -0.9014478452725913
            ]
        ],
        "fx": 1163.2547280302354,
        "fy": 1156.280404988286
    },
    {
        "id": 38,
        "img_name": "img_38",
        "width": 1957,
        "height": 1091,
        "position": [
            -0.25346107560515463,
            -0.42171560889681936,
            4.645707444244152
        ],
        "rotation": [
            [
                -0.9696001087457792,
                -0.06054386049303725,
                0.23708662989880488
            ],
            [
                0.029814806113385103,
                0.9324566042308299,
                0.3600496571138552
            ],
            [
                -0.2428717875119286,
                0.3561728801372041,
                -0.9023049218886865
            ]
        ],
        "fx": 1163.2547280302354,
        "fy": 1156.280404988286
    },
    {
        "id": 39,
        "img_name": "img_39",
        "width": 1957,
        "height": 1091,
        "position": [
            -0.2390106431423128,
            -0.42080367384984474,
            4.640399497371118
        ],
        "rotation": [
            [
                -0.9703130495984219,
                -0.06010952514890863,
                0.23426359248799875
            ],
            [
                0.029086913424407,
                0.9325878411087949,
                0.35976918588468854
            ],
            [
                -0.24009693036981833,
                0.35590274228430047,
                -0.9031537520566556
            ]
        ],
        "fx": 1163.2547280302354,
        "fy": 1156.280404988286
    },
    {
        "id": 40,
        "img_name": "img_40",
        "width": 1957,
        "height": 1091,
        "position": [
            -0.22456021067947063,
            -0.41989173880287,
            4.635091550498082
        ],
        "rotation": [
            [
                -0.9710175488603255,
                -0.05967605139049662,
                0.23143830429668333
            ],
            [
                0.028359893358897794,
                0.9327192234044993,
                0.35948652794315583
            ],
            [
                -0.23731968943691736,
                0.3556312943850471,
                -0.9039943281158311
            ]
        ],
        "fx": 1163.2547280302354,
        "fy": 1156.280404988286
    },
    {
        "id": 41,
        "img_name": "img_41",
        "width": 1957,
        "height": 1091,
        "position": [
            -0.2101068353252445,
            -0.4189812659845201,
            4.629791377711526
        ],
        "rotation": [
            [
                -0.9717136001611734,
                -0.059243443138404635,
                0.22861079088030367
            ],
            [
                0.02763375249260614,
                0.9328507499295489,
                0.3592016858464174
            ],
            [
                -0.23454008983410962,
                0.3553585388950092,
                -0.9048266424650308
            ]
        ],
        "fx": 1163.2547280302354,
        "fy": 1156.280404988286
    },
    {
        "id": 42,
        "img_name": "img_42",
        "width": 1957,
        "height": 1091,
        "position": [
            -0.19565046690885463,
            -0.4180722803230509,
            4.624499111545044
        ],
        "rotation": [
            [
                -0.9724011975231976,
                -0.05881170410792236,
                0.22578107652186744
            ],
            [
                0.026908497061712097,
                0.932982419554378,
                0.3589146620407299
            ],
            [
                -0.23175815543291445,
                0.3550844781566414,
                -0.9056506879562434
            ]
        ],
        "fx": 1163.2547280302354,
        "fy": 1156.280404988286
    },
    {
        "id": 43,
        "img_name": "img_43",
        "width": 1957,
        "height": 1091,
        "position": [
            -0.18119409849246498,
            -0.41716329466158175,
            4.619206845378562
        ],
        "rotation": [
            [
                -0.9730803347250992,
                -0.05838083820435829,
                0.2229491868158426
            ],
            [
                0.026184133626406463,
                0.9331142310880582,
                0.3586254591217458
            ],
            [
                -0.22897391139559517,
                0.3548091146485453,
                -0.9064664571340288
            ]
        ],
        "fx": 1163.2547280302354,
        "fy": 1156.280404988286
    },
    {
        "id": 44,
        "img_name": "img_44",
        "width": 1957,
        "height": 1091,
        "position": [
            -0.1667341991860197,
            -0.4162560685822715,
            4.613923934503798
        ],
        "rotation": [
            [
                -0.9737510056861761,
                -0.05795084928591829,
                0.22011514712123093
            ],
            [
                0.025460668673082342,
                0.93324618335024,
                0.35833407967940106
            ],
            [
                -0.22618738265451233,
                0.3545324508366465,
                -0.9072739426941663
            ]
        ],
        "fx": 1163.2547280302354,
        "fy": 1156.280404988286
    },
    {
        "id": 45,
        "img_name": "img_45",
        "width": 1957,
        "height": 1091,
        "position": [
            -0.15227329019729502,
            -0.4153493456675732,
            4.608643698838998
        ],
        "rotation": [
            [
                -0.9744132045254471,
                -0.05752174112309083,
                0.21727898228916956
            ],
            [
                0.024738108545662624,
                0.9333782751838603,
                0.3580405262687446
            ],
            [
                -0.2233985936441887,
                0.3542544891469561,
                -0.9080731375559742
            ]
        ],
        "fx": 1163.2547280302354,
        "fy": 1156.280404988286
    },
    {
        "id": 46,
        "img_name": "img_46",
        "width": 1957,
        "height": 1091,
        "position": [
            -0.13781234436676892,
            -0.41444264115310403,
            4.603363561006258
        ],
        "rotation": [
            [
                -0.9750669253109794,
                -0.05709351755938298,
                0.21444071772237938
            ],
            [
                0.024016459716041792,
                0.9335105054058132,
                0.3577448015188753
            ],
            [
                -0.22060756934299858,
                0.35397523206899956,
                -0.9088640345604921
            ]
        ],
        "fx": 1163.2547280302354,
        "fy": 1156.280404988286
    },
    {
        "id": 47,
        "img_name": "img_47",
        "width": 1957,
        "height": 1091,
        "position": [
            -0.12334820276239825,
            -0.4135375327324353,
            4.598091909434353
        ],
        "rotation": [
            [
                -0.9757121622320823,
                -0.056666182401122006,
                0.2116003786491822
            ],
            [
                0.023295728598699265,
                0.9336428728407519,
                0.35744690805838425
            ],
            [
                -0.2178143345593611,
                0.3536946820849936,
                -0.9096466266777194
            ]
        ],
        "fx": 1163.2547280302354,
        "fy": 1156.280404988286
    },
    {
        "id": 48,
        "img_name": "img_48",
        "width": 1957,
        "height": 1091,
        "position": [
            -0.10888406115802754,
            -0.4126324243117666,
            4.592820257862447
        ],
        "rotation": [
            [
                -0.9763489095494714,
                -0.05623973944937442,
                0.20875799033384262
            ],
            [
                0.022575921604403224,
                0.9337753763112935,
                0.3571468485369712
            ],
            [
                -0.21501891413855748,
                0.35341284169037257,
                -0.9104209069466238
            ]
        ],
        "fx": 1163.2547280302354,
        "fy": 1156.280404988286
    },
    {
        "id": 49,
        "img_name": "img_49",
        "width": 1957,
        "height": 1091,
        "position": [
            -0.0944195224267957,
            -0.4117275145270255,
            4.587549662433306
        ],
        "rotation": [
            [
                -0.9769771615937614,
                -0.055814192501125674,
                0.20591357808470281
            ],
            [
                0.02185704514221881,
                0.9339080146376401,
                0.35684462562636865
            ],
            [
                -0.21222133297073534,
                0.3531297133946337,
                -0.9111868684732386
            ]
        ],
        "fx": 1163.2547280302354,
        "fy": 1156.280404988286
    },
    {
        "id": 50,
        "img_name": "img_50",
        "width": 1957,
        "height": 1091,
        "position": [
            -0.0799533812333634,
            -0.41082340626591907,
            4.58228332868734
        ],
        "rotation": [
            [
                -0.9775969127920535,
                -0.0553895453311826,
                0.20306716713307152
            ],
            [
                0.02113910558892701,
                0.934040786643225,
                0.35654024200743856
            ],
            [
                -0.20942161587178842,
                0.35284529970926076,
                -0.9119445044631164
            ]
        ],
        "fx": 1163.2547280302354,
        "fy": 1156.280404988286
    },
    {
        "id": 51,
        "img_name": "img_51",
        "width": 1957,
        "height": 1091,
        "position": [
            -0.06548724003993145,
            -0.4099192980048124,
            4.5770169949413715
        ],
        "rotation": [
            [
                -0.978208157626011,
                -0.054965801720571555,
                0.20021878282304093
            ],
            [
                0.020422109336997164,
                0.9341736911458641,
                0.35623370039034374
            ],
            [
                -0.20661978777005074,
                0.3525596031666208,
                -0.9126938081702116
            ]
        ],
        "fx": 1163.2547280302354,
        "fy": 1156.280404988286
    },
    {
        "id": 52,
        "img_name": "img_52",
        "width": 1957,
        "height": 1091,
        "position": [
            -0.05102081578312781,
            -0.40901533144127844,
            4.571751414604659
        ],
        "rotation": [
            [
                -0.9788108906583588,
                -0.05454296543868614,
                0.19736845049233367
            ],
            [
                0.019706062764443567,
                0.9343067269633091,
                0.3559250035019245
            ],
            [
                -0.20381587358910558,
                0.35227262630812367,
                -0.9134347729291508
            ]
        ],
        "fx": 1163.2547280302354,
        "fy": 1156.280404988286
    },
    {
        "id": 53,
        "img_name": "img_53",
        "width": 1957,
        "height": 1091,
        "position": [
            -0.03655384397280308,
