[
  {
    "id": 480,
    "img_name": "frame0480",
    "width": 1957,
    "height": 1091,
    "position": [
      0.311480959071164,
      0.3950617707558069,
      -2.660083750018335
    ],
    "rotation": [
      [
        0.970190118479793,
        -0.07389037350715999,
        -0.230805863675813
      ],
      [
        0.06749101619284409,
        0.9970877372766777,
        -0.03551065904390446
      ],
      [
        0.2327575922229452,
        0.018874768222353542,
        0.9723516063580755
      ]
    ],
    "fx": 1163.2547280302354,
    "fy": 1156.2804049882861
  },
  {
    "id": 481,
    "img_name": "frame0481",
    "width": 1957,
    "height": 1091,
    "position": [
      0.30910254586783803,
      0.39464615424898497,
      -2.6606071815630736
    ],
    "rotation": [
      [
        0.9704034920260031,
        -0.0741042548575657,
        -0.22983825198548657
      ],
      [
        0.0677778806190644,
        0.9970753972763494,
        -0.035310211624938644
      ],
      [
        0.23178270332905976,
        0.01868720306025088,
        0.9725880766692846
      ]
    ],
    "fx": 1163.2547280302354,
    "fy": 1156.2804049882861
  },
  {
    "id": 482,
    "img_name": "frame0482",
    "width": 1957,
    "height": 1091,
    "position": [
      0.3067241326645121,
      0.394230537742163,
      -2.6611306131078125
    ],
    "rotation": [
      [
        0.9706158368462063,
        -0.07431831825060373,
        -0.2288704542655969
      ],
      [
        0.06806453985806088,
        0.9970629584134203,
        -0.035109476979708135
      ],
      [
        0.23080752950726965,
        0.0184998522231988,
        0.9728235399035483
      ]
    ],
    "fx": 1163.2547280302354,
    "fy": 1156.2804049882861
  },
  {
    "id": 483,
    "img_name": "frame0483",
    "width": 1957,
    "height": 1091,
    "position": [
      0.30434571946118616,
      0.393814921235341,
      -2.661654044652551
    ],
    "rotation": [
      [
        0.9708271527077071,
        -0.07453256345169536,
        -0.22790247157669308
      ],
      [
        0.06835099359570153,
        0.9970504207015213,
        -0.03490845532818547
      ],
      [
        0.22983207182620696,
        0.01831271591650339,
        0.9730579958028375
      ]
    ],
    "fx": 1163.2547280302354,
    "fy": 1156.2804049882861
  },
  {
    "id": 484,
    "img_name": "frame0484",
    "width": 1957,
    "height": 1091,
    "position": [
      0.30196730625786017,
      0.39339930472851903,
      -2.6621774761972894
    ],
    "rotation": [
      [
        0.9710374393789376,
        -0.07474699022606258,
        -0.22693430497952743
      ],
      [
        0.06863724151807947,
        0.9970377841543917,
        -0.03470714689065789
      ],
      [
        0.22885633135481548,
        0.018125794345235757,
        0.9732914441102261
      ]
    ],
    "fx": 1163.2547280302354,
    "fy": 1156.2804049882861
  },
  {
    "id": 485,
    "img_name": "frame0485",
    "width": 1957,
    "height": 1091,
    "position": [
      0.29958889305453423,
      0.39298368822169705,
      -2.662700907742028
    ],
    "rotation": [
      [
        0.9712466966294576,
        -0.07496159833872838,
        -0.2259659555350536
      ],
      [
        0.06892328331151339,
        0.9970250487858792,
        -0.03450555188772675
      ],
      [
        0.22788030916234847,
        0.01793908771423161,
        0.9735238845698928
      ]
    ],
    "fx": 1163.2547280302354,
    "fy": 1156.2804049882861
  },
  {
    "id": 486,
    "img_name": "frame0486",
    "width": 1957,
    "height": 1091,
    "position": [
      0.2972104798512083,
      0.39256807171487507,
      -2.6632243392867663
    ],
    "rotation": [
      [
        0.9714549242299552,
        -0.0751763875545171,
        -0.22499742430442554
      ],
      [
        0.06920911866254785,
        0.9970122146099395,
        -0.034303670540307495
      ],
      [
        0.2269040063183681,
        0.017752596228091146,
        0.9737553169271205
      ]
    ],
    "fx": 1163.2547280302354,
    "fy": 1156.2804049882861
  },
  {
    "id": 487,
    "img_name": "frame0487",
    "width": 1957,
    "height": 1091,
    "position": [
      0.29483206664788236,
      0.3921524552080531,
      -2.663747770831505
    ],
    "rotation": [
      [
        0.9716621219522462,
        -0.07539135763805449,
        -0.2240287123489965
      ],
      [
        0.0694947472579536,
        0.9969992816406366,
        -0.03410150306962939
      ],
      [
        0.22592742389274392,
        0.01756632009117883,
        0.9739857409282966
      ]
    ],
    "fx": 1163.2547280302354,
    "fy": 1156.2804049882861
  },
  {
    "id": 488,
    "img_name": "frame0488",
    "width": 1957,
    "height": 1091,
    "position": [
      0.2924536534445564,
      0.3917368387012312,
      -2.6642712023762436
    ],
    "rotation": [
      [
        0.9718682895692761,
        -0.07560650835376828,
        -0.2230598207303176
      ],
      [
        0.06978016878472806,
        0.9969862498921434,
        -0.03389904969723515
      ],
      [
        0.2249505629556519,
        0.017380259507623064,
        0.974215156320914
      ]
    ],
    "fx": 1163.2547280302354,
    "fy": 1156.2804049882861
  },
  {
    "id": 489,
    "img_name": "frame0489",
    "width": 1957,
    "height": 1091,
    "position": [
      0.29007524024123044,
      0.39132122219440924,
      -2.664794633920982
    ],
    "rotation": [
      [
        0.9720734268551184,
        -0.07582183946588818,
        -0.22209075051013727
      ],
      [
        0.07006538293009552,
        0.9969731193787404,
        -0.03369631064498094
      ],
      [
        0.22397342457757358,
        0.017194414681316144,
        0.9744435628535709
      ]
    ],
    "fx": 1163.2547280302354,
    "fy": 1156.2804049882861
  },
  {
    "id": 490,
    "img_name": "frame0490",
    "width": 1957,
    "height": 1091,
    "position": [
      0.28769682703790445,
      0.39090560568758725,
      -2.6653180654657205
    ],
    "rotation": [
      [
        0.9722775335849758,
        -0.07603735073844607,
        -0.22112150275039902
      ],
      [
        0.07035038938150744,
        0.9969598901148164,
        -0.033493286135035785
      ],
      [
        0.2229960098292937,
        0.017008785815913825,
        0.9746709602759701
      ]
    ],
    "fx": 1163.2547280302354,
    "fy": 1156.2804049882861
  },
  {
    "id": 491,
    "img_name": "frame0491",
    "width": 1957,
    "height": 1091,
    "position": [
      0.28531841383457857,
      0.3904899891807653,
      -2.665841497010459
    ],
    "rotation": [
      [
        0.9724806095351808,
        -0.07625304193527663,
        -0.22015207851324164
      ],
      [
        0.07063518782664299,
        0.996946562114869,
        -0.033289976389881744
      ],
      [
        0.22201831978190095,
        0.01682337311483529,
        0.9748973483389218
      ]
    ],
    "fx": 1163.2547280302354,
    "fy": 1156.2804049882861
  },
  {
    "id": 492,
    "img_name": "frame0492",
    "width": 1957,
    "height": 1091,
    "position": [
      0.2829400006312526,
      0.3900743726739433,
      -2.6663649285551974
    ],
    "rotation": [
      [
        0.9726826544831945,
        -0.07646891282001728,
        -0.2191824788609968
      ],
      [
        0.07091977795340929,
        0.9969331353935028,
        -0.03308638163231327
      ],
      [
        0.22104035550678486,
        0.016638176781262757,
        0.9751227267943403
      ]
    ],
    "fx": 1163.2547280302354,
    "fy": 1156.2804049882861
  },
  {
    "id": 493,
    "img_name": "frame0493",
    "width": 1957,
    "height": 1091,
    "position": [
      0.2805615874279266,
      0.3896587561671213,
      -2.6668883600999362
    ],
    "rotation": [
      [
        0.9728836682076085,
        -0.07668496315610848,
        -0.21821270485618846
      ],
      [
        0.0712041594499416,
        0.9969196099654317,
        -0.03288250208543726
      ],
      [
        0.22006211807563567,
        0.016453197018141453,
        0.975347095395248
      ]
    ],
    "fx": 1163.2547280302354,
    "fy": 1156.2804049882861
  },
  {
    "id": 494,
    "img_name": "frame0494",
    "width": 1957,
    "height": 1091,
    "position": [
      0.27818317422460065,
      0.38924313966029933,
      -2.6674117916446747
    ],
    "rotation": [
      [
        0.973083650488145,
        -0.0769011927067941,
        -0.2172427575615319
      ],
      [
        0.07148833200460397,
        0.9969059858454776,
        -0.03267833797267258
      ],
      [
        0.21908360856044326,
        0.016268434028179117,
        0.9755704538957736
      ]
    ],
    "fx": 1163.2547280302354,
    "fy": 1156.2804049882861
  },
  {
    "id": 495,
    "img_name": "frame0495",
    "width": 1957,
    "height": 1091,
    "position": [
      0.2758047610212747,
      0.3888275231534774,
      -2.667935223189413
    ],
    "rotation": [
      [
        0.9732826011056549,
        -0.07711760123512164,
        -0.21627263803993174
      ],
      [
        0.07177229530598934,
        0.9968922630485698,
        -0.03247388951775004
      ],
      [
        0.218104828033495,
        0.016083888013846102,
        0.9757928020511515
      ]
    ],
    "fx": 1163.2547280302354,
    "fy": 1156.2804049882861
  },
  {
    "id": 496,
    "img_name": "frame0496",
    "width": 1957,
    "height": 1091,
    "position": [
      0.2734263478179487,
      0.3884119066466554,
      -2.6684586547341516
    ],
    "rotation": [
      [
        0.9734805198421213,
        -0.07733418850394236,
        -0.2153023473544821
      ],
      [
        0.07205604904291993,
        0.9968784415897466,
        -0.032269156944712024
      ],
      [
        0.21712577756737608,
        0.01589955917737491,
        0.9760141396177248
      ]
    ],
    "fx": 1163.2547280302354,
    "fy": 1156.2804049882861
  },
  {
    "id": 497,
    "img_name": "frame0497",
    "width": 1957,
    "height": 1091,
    "position": [
      0.2710479346146228,
      0.3879962901398335,
      -2.66898208627889
    ],
    "rotation": [
      [
        0.9736774064806568,
        -0.0775509542759118,
        -0.21433188656846416
      ],
      [
        0.07233959290444766,
        0.9968645214841539,
        -0.032064140477912215
      ],
      [
        0.216146458234967,
        0.015715447720760063,
        0.9762344663529431
      ]
    ],
    "fx": 1163.2547280302354,
    "fy": 1156.2804049882861
  },
  {
    "id": 498,
    "img_name": "frame0498",
    "width": 1957,
    "height": 1091,
    "position": [
      0.26866952141129685,
      0.3875806736330115,
      -2.669505517823629
    ],
    "rotation": [
      [
        0.9738732608055063,
        -0.07776789831348976,
        -0.21336125674534567
      ],
      [
        0.07262292657985445,
        0.9968505027470465,
        -0.03185884034201546
      ],
      [
        0.21516687110944305,
        0.015531553845757889,
        0.9764537820153645
      ]
    ],
    "fx": 1163.2547280302354,
    "fy": 1156.2804049882861
  },
  {
    "id": 499,
    "img_name": "frame0499",
    "width": 1957,
    "height": 1091,
    "position": [
      0.2662911082079709,
      0.38716505712618954,
      -2.6700289493683673
    ],
    "rotation": [
      [
        0.9740680826020444,
        -0.0779850203789408,
        -0.2123904589487795
      ],
      [
        0.07290604975865249,
        0.9968363853937857,
        -0.03165325676199738
      ],
      [
        0.2141870172642728,
        0.015347877753886225,
        0.9766720863646539
      ]
    ],
    "fx": 1163.2547280302354,
    "fy": 1156.2804049882861
  },
  {
    "id": 500,
    "img_name": "frame0500",
    "width": 1957,
    "height": 1091,
    "position": [
      0.263912695004645,
      0.38674944061936756,
      -2.6705523809131058
    ],
    "rotation": [
      [
        0.9742618716567785,
        -0.07820232023433427,
        -0.2114194942426024
      ],
      [
        0.0731889621305847,
        0.9968221694398425,
        -0.03144738996314425
      ],
      [
        0.21320689777321697,
        0.015164419646424305,
        0.9768893791615857
      ]
    ],
    "fx": 1163.2547280302354,
    "fy": 1156.2804049882861
  },
  {
    "id": 501,
    "img_name": "frame0501",
    "width": 1957,
    "height": 1091,
    "position": [
      0.26153428180131877,
      0.3863338241125456,
      -2.671075812457844
    ],
    "rotation": [
      [
        0.9744546277573469,
        -0.07841979764154482,
        -0.21044836369083475
      ],
      [
        0.07347166338562498,
        0.996807854900795,
        -0.031241240171052738
      ],
      [
        0.21222651371032814,
        0.014981179724412473,
        0.9771056601680419
      ]
    ],
    "fx": 1163.2547280302354,
    "fy": 1156.2804049882861
  },
  {
    "id": 502,
    "img_name": "frame0502",
    "width": 1957,
    "height": 1091,
    "position": [
      0.2591558685979929,
      0.3859182076057236,
      -2.671599244002583
    ],
    "rotation": [
      [
        0.9746463506925204,
        -0.07863745236225239,
        -0.20947706835767788
      ],
      [
        0.07375415321397855,
        0.9967934417923295,
        -0.0310348076116296
      ],
      [
        0.211245866149948,
        0.01479815818865201,
        0.9773209291470136
      ]
    ],
    "fx": 1163.2547280302354,
    "fy": 1156.2804049882861
  },
  {
    "id": 503,
    "img_name": "frame0503",
    "width": 1957,
    "height": 1091,
    "position": [
      0.2567774553946669,
      0.38550259109890167,
      -2.6721226755473215
    ],
    "rotation": [
      [
        0.9748370402522016,
        -0.07885528415794277,
        -0.2085056093075144
      ],
      [
        0.07403643130608237,
        0.9967789301302409,
        -0.030828092511091455
      ],
      [
        0.21026495616670762,
        0.014615355239704815,
        0.977535185862601
      ]
    ],
    "fx": 1163.2547280302354,
    "fy": 1156.2804049882861
  },
  {
    "id": 504,
    "img_name": "frame0504",
    "width": 1957,
    "height": 1091,
    "position": [
      0.2543990421913409,
      0.3850869745920797,
      -2.67264610709206
    ],
    "rotation": [
      [
        0.9750266962274257,
        -0.07907329278990755,
        -0.20753398760490524
      ],
      [
        0.0743184973526054,
        0.9967643199304311,
        -0.030621095095964494
      ],
      [
        0.2092837848355247,
        0.014432771077893293,
        0.9777484300800134
      ]
    ],
    "fx": 1163.2547280302354,
    "fy": 1156.2804049882861
  },
  {
    "id": 505,
    "img_name": "frame0505",
    "width": 1957,
    "height": 1091,
    "position": [
      0.252020628988015,
      0.38467135808525776,
      -2.6731695386367984
    ],
    "rotation": [
      [
        0.9752153184103606,
        -0.07929147801924465,
        -0.20656220431459105
      ],
      [
        0.074600351044449,
        0.9967496112089109,
        -0.03041381559308442
      ],
      [
        0.20830235323160462,
        0.014250405903300123,
        0.9779606615655699
      ]
    ],
    "fx": 1163.2547280302354,
    "fy": 1156.2804049882861
  },
  {
    "id": 506,
    "img_name": "frame0506",
    "width": 1957,
    "height": 1091,
    "position": [
      0.24964221578468906,
      0.3842557415784358,
      -2.673692970181537
    ],
    "rotation": [
      [
        0.9754029065943067,
        -0.07950983960685847,
        -0.20559026050148851
      ],
      [
        0.07488199207274725,
        0.9967348039817985,
        -0.030206254229595886
      ],
      [
        0.2073206624304372,
        0.014068259915767893,
        0.978171880086699
      ]
    ],
    "fx": 1163.2547280302354,
    "fy": 1156.2804049882861
  },
  {
    "id": 507,
    "img_name": "frame0507",
    "width": 1957,
    "height": 1091,
    "position": [
      0.2472638025813631,
      0.3838401250716138,
      -2.6742164017262757
    ],
    "rotation": [
      [
        0.9755894605736981,
        -0.07972837731345998,
        -0.20461815723069035
      ],
      [
        0.0751634201288671,
        0.9967198982653203,
        -0.029998411232952566
      ],
      [
        0.20633871350779612,
        0.013886333314899194,
        0.9783820854119394
      ]
    ],
    "fx": 1163.2547280302354,
    "fy": 1156.2804049882861
  },
  {
    "id": 508,
    "img_name": "frame0508",
    "width": 1957,
    "height": 1091,
    "position": [
      0.24488538937803714,
      0.3834245085647918,
      -2.6747398332710137
    ],
    "rotation": [
      [
        0.9757749801441016,
        -0.0799470908995674,
        -0.2036458955674641
      ],
      [
        0.07544463490440918,
        0.9967048940758103,
        -0.02979028683091662
      ],
      [
        0.20535650753973828,
        0.013704626300055991,
        0.9785912773109401
      ]
    ],
    "fx": 1163.2547280302354,
    "fy": 1156.2804049882861
  },
  {
    "id": 509,
    "img_name": "frame0509",
    "width": 1957,
    "height": 1091,
    "position": [
      0.2425069761747112,
      0.38300889205796984,
      -2.6752632648157526
    ],
    "rotation": [
      [
        0.9759594651022179,
        -0.08016598012550605,
        -0.20267347657725096
      ],
      [
        0.07572563609120761,
        0.9966897914297108,
        -0.029581881251558653
      ],
      [
        0.20437404560260222,
        0.013523139070359715,
        0.9787994555544609
      ]
    ],
    "fx": 1163.2547280302354,
    "fy": 1156.2804049882861
  },
  {
    "id": 510,
    "img_name": "frame0510",
    "width": 1957,
    "height": 1091,
    "position": [
      0.24012856297138524,
      0.38259327555114786,
      -2.675786696360491
    ],
    "rotation": [
      [
        0.9761429152458816,
        -0.08038504475140891,
        -0.2017009013256651
      ],
      [
        0.07600642338133069,
        0.9966745903435723,
        -0.029373194723257494
      ],
      [
        0.20339132877300742,
        0.01334187182469101,
        0.9790066199143722
      ]
    ],
    "fx": 1163.2547280302354,
    "fy": 1156.2804049882861
  },
  {
    "id": 511,
    "img_name": "frame0511",
    "width": 1957,
    "height": 1091,
    "position": [
      0.23775014976805928,
      0.3821776590443259,
      -2.6763101279052295
    ],
    "rotation": [
      [
        0.976325330374061,
        -0.08060428453721652,
        -0.20072817087849046
      ],
      [
        0.07628699646708101,
        0.9966592908340522,
        -0.02916422747469964
      ],
      [
        0.2024083581278515,
        0.013160824761689354,
        0.9792127701636554
      ]
    ],
    "fx": 1163.2547280302354,
    "fy": 1156.2804049882861
  },
  {
    "id": 512,
    "img_name": "frame0512",
    "width": 1957,
    "height": 1091,
    "position": [
      0.2353717365647333,
      0.381762042537504,
      -2.6768335594499684
    ],
    "rotation": [
      [
        0.9765067102868583,
        -0.08082369924267765,
        -0.19975528630168246
      ],
      [
        0.07656735504099596,
        0.9966438929179162,
        -0.028954979734879364
      ],
      [
        0.20142513474431142,
        0.012979998079752976,
        0.979417906076403
      ]
    ],
    "fx": 1163.2547280302354,
    "fy": 1156.2804049882861
  },
  {
    "id": 513,
    "img_name": "frame0513",
    "width": 1957,
    "height": 1091,
    "position": [
      0.2329933233614074,
      0.38134642603068203,
      -2.6773569909947064
    ],
    "rotation": [
      [
        0.9766870547855112,
        -0.08104328862734943,
        -0.1987822486613646
      ],
      [
        0.07684749879584803,
        0.9966283966120386,
        -0.02874545173309827
      ],
      [
        0.20044165969984032,
        0.012799391977038634,
        0.9796220274278198
      ]
    ],
    "fx": 1163.2547280302354,
    "fy": 1156.2804049882861
  },
  {
    "id": 514,
    "img_name": "frame0514",
    "width": 1957,
    "height": 1091,
    "position": [
      0.23061491015808144,
      0.38093080952386005,
      -2.6778804225394452
    ],
    "rotation": [
      [
        0.9768663636723907,
        -0.0812630524505974,
        -0.19780905902382875
      ],
      [
        0.07712742742464501,
        0.9966128019334,
        -0.02853564369896512
      ],
      [
        0.1994579340721678,
        0.012619006651461347,
        0.9798251339942212
      ]
    ],
    "fx": 1163.2547280302354,
    "fy": 1156.2804049882861
  },
  {
    "id": 515,
    "img_name": "frame0515",
    "width": 1957,
    "height": 1091,
    "position": [
      0.22823649695475545,
      0.38051519301703807,
      -2.6784038540841837
    ],
    "rotation": [
      [
        0.9770446367510035,
        -0.08148299047159613,
        -0.19683571845553252
      ],
      [
        0.07740714062063062,
        0.9965971088990899,
        -0.02832555586239538
      ],
      [
        0.19847395893929717,
        0.012438842300694086,
        0.9800272255530358
      ]
    ],
    "fx": 1163.2547280302354,
    "fy": 1156.2804049882861
  },
  {
    "id": 516,
    "img_name": "frame0516",
    "width": 1957,
    "height": 1091,
    "position": [
      0.2258580837514295,
      0.3800995765102161,
      -2.678927285628922
    ],
    "rotation": [
      [
        0.9772218738259915,
        -0.08170310244932914,
        -0.19586222802309983
      ],
      [
        0.07768663807728442,
        0.9965813175263056,
        -0.028115188453611394
      ],
      [
        0.1974897353795061,
        0.012258899122167894,
        0.980228301882804
      ]
    ],
    "fx": 1163.2547280302354,
    "fy": 1156.2804049882861
  },
  {
    "id": 517,
    "img_name": "frame0517",
    "width": 1957,
    "height": 1091,
    "position": [
      0.22347967054810358,
      0.3796839600033941,
      -2.679450717173661
    ],
    "rotation": [
      [
        0.9773980747031312,
        -0.08192338814258934,
        -0.19488858879331802
      ],
      [
        0.07796591948832252,
        0.9965654278323517,
        -0.0279045417031417
      ],
      [
        0.19650526447134378,
        0.012079177313071305,
        0.9804283627631785
      ]
    ],
    "fx": 1163.2547280302354,
    "fy": 1156.2804049882861
  },
  {
    "id": 518,
    "img_name": "frame0518",
    "width": 1957,
    "height": 1091,
    "position": [
      0.22110125734477762,
      0.3792683434965721,
      -2.6799741487183995
    ],
    "rotation": [
      [
        0.9775732391893354,
        -0.08214384730997945,
        -0.19391480183313808
      ],
      [
        0.07824498454769788,
        0.9965494398346406,
        -0.027693615841820972
      ],
      [
        0.1955205472936309,
        0.011899677070350235,
        0.9806274079749252
      ]
    ],
    "fx": 1163.2547280302354,
    "fy": 1156.2804049882861
  },
  {
    "id": 519,
    "img_name": "frame0519",
    "width": 1957,
    "height": 1091,
    "position": [
      0.21872284414145166,
      0.3788527269897502,
      -2.680497580263138
    ],
    "rotation": [
      [
        0.9777473670926521,
        -0.08236447970991186,
        -0.19294086820967257
      ],
      [
        0.07852383294960032,
        0.9965333535506931,
        -0.027482411100789753
      ],
      [
        0.19453558492545778,
        0.011720398590707875,
        0.9808254372999229
      ]
    ],
    "fx": 1163.2547280302354,
    "fy": 1156.2804049882861
  },
  {
    "id": 520,
    "img_name": "frame0520",
    "width": 1957,
    "height": 1091,
    "position": [
      0.21634443093812575,
      0.3784371104829282,
      -2.6810210118078763
    ],
    "rotation": [
      [
        0.9779204582222654,
        -0.08258528510060924,
        -0.19196678899019498
      ],
      [
        0.07880246438845721,
        0.9965171689981366,
        -0.02727092771149425
      ],
      [
        0.19355037844618356,
        0.01154134207060441,
        0.9810224505211635
      ]
    ],
    "fx": 1163.2547280302354,
    "fy": 1156.2804049882861
  },
  {
    "id": 521,
    "img_name": "frame0521",
    "width": 1957,
    "height": 1091,
    "position": [
      0.21396601773479978,
      0.3780214939761063,
      -2.6815444433526148
    ],
    "rotation": [
      [
        0.9780925123884949,
        -0.08280626324010468,
        -0.19099256524213806
      ],
      [
        0.0790808785589337,
        0.9965008861947067,
        -0.027059165905685925
      ],
      [
        0.19256492893543478,
        0.011362507706256708,
        0.9812184474227522
      ]
    ],
    "fx": 1163.2547280302354,
    "fy": 1156.2804049882861
  },
  {
    "id": 522,
    "img_name": "frame0522",
    "width": 1957,
    "height": 1091,
    "position": [
      0.2115876045314738,
      0.3776058774692843,
      -2.6820678748973537
    ],
    "rotation": [
      [
        0.9782635294027979,
        -0.083027413886242,
        -0.19001819803309314
      ],
      [
        0.07935907515593298,
        0.996484505158247,
        -0.02684712591542142
      ],
      [
        0.19157923747310437,
        0.011183895693638285,
        0.9814134277899084
      ]
    ],
    "fx": 1163.2547280302354,
    "fy": 1156.2804049882861
  },
  {
    "id": 523,
    "img_name": "frame0523",
    "width": 1957,
    "height": 1091,
    "position": [
      0.20920919132814783,
      0.37719026096246233,
      -2.682591306442092
    ],
    "rotation": [
      [
        0.9784335090777672,
        -0.08324873679667591,
        -0.1890436884308087
      ],
      [
        0.07963705387459669,
        0.9964680259067086,
        -0.026634807973062145
      ],
      [
        0.1905933051393503,
        0.011005506228478904,
        0.9816073914089652
      ]
    ],
    "fx": 1163.2547280302354,
    "fy": 1156.2804049882861
  },
  {
    "id": 524,
    "img_name": "frame0524",
    "width": 1957,
    "height": 1091,
    "position": [
      0.20683077812482173,
      0.37677464445564035,
      -2.6831147379868305
    ],
    "rotation": [
      [
        0.9786024512271325,
        -0.08347023172887243,
        -0.18806903750318937
      ],
      [
        0.07991481441030522,
        0.9964514484581496,
        -0.026422212311274187
      ],
      [
        0.18960713301459464,
        0.010827339506264529,
        0.98180033806737
      ]
    ],
    "fx": 1163.2547280302354,
    "fy": 1156.2804049882861
  },
  {
    "id": 525,
    "img_name": "frame0525",
    "width": 1957,
    "height": 1091,
    "position": [
      0.20445236492149577,
      0.37635902794881837,
      -2.683638169531569
    ],
    "rotation": [
      [
        0.978770355665761,
        -0.08369189844010888,
        -0.18709424631829472
      ],
      [
        0.08019235645867798,
        0.9964347728307369,
        -0.026209339163027937
      ],
      [
        0.1886207221795224,
        0.01064939572223702,
        0.9819922675536845
      ]
    ],
    "fx": 1163.2547280302354,
    "fy": 1156.2804049882861
  },
  {
    "id": 526,
    "img_name": "frame0526",
    "width": 1957,
    "height": 1091,
    "position": [
      0.2020739517181698,
      0.3759434114419964,
      -2.6841616010763074
    ],
    "rotation": [
      [
        0.978937222209656,
        -0.08391373668747464,
        -0.18611931594433745
      ],
      [
        0.08046967971557396,
        0.9964179990427434,
        -0.025996188761597795
      ],
      [
        0.18763407371507945,
        0.01047167507139387,
        0.9821831796575848
      ]
    ],
    "fx": 1163.2547280302354,
    "fy": 1156.2804049882861
  },
  {
    "id": 527,
    "img_name": "frame0527",
    "width": 1957,
    "height": 1091,
    "position": [
      0.1996955385148439,
      0.37552779493517446,
      -2.684685032621046
    ],
    "rotation": [
      [
        0.9791030506759593,
        -0.08413574622787086,
        -0.18514424744968355
      ],
      [
        0.08074678387709179,
        0.9964011271125511,
        -0.025782761340562125
      ],
      [
        0.18664718870247304,
        0.010294177748488158,
        0.9823730741698626
      ]
    ],
    "fx": 1163.2547280302354,
    "fy": 1156.2804049882861
  },
  {
    "id": 528,
    "img_name": "frame0528",
    "width": 1957,
    "height": 1091,
    "position": [
      0.1973171253115179,
      0.3751121784283525,
      -2.6852084641657847
    ],
    "rotation": [
      [
        0.9792678408829494,
        -0.08435792681801106,
        -0.18416904190285008
      ],
      [
        0.08102366863957018,
        0.9963841570586485,
        -0.02556905713380276
      ],
      [
        0.18566006822316908,
        0.01011690394802816,
        0.9825619508824238
      ]
    ],
    "fx": 1163.2547280302354,
    "fy": 1156.2804049882861
  },
  {
    "id": 529,
    "img_name": "frame0529",
    "width": 1957,
    "height": 1091,
    "position": [
      0.19493871210819194,
      0.37469656192153056,
      -2.685731895710523
    ],
    "rotation": [
      [
        0.9794315926500434,
        -0.08458027821442145,
        -0.1831937003725039
      ],
      [
        0.08130033369958846,
        0.9963670888996324,
        -0.025355076375504854
      ],
      [
        0.18467271335889132,
        0.009939853864277218,
        0.9827498095882907
      ]
    ],
    "fx": 1163.2547280302354,
    "fy": 1156.2804049882861
  },
  {
    "id": 530,
    "img_name": "frame0530",
    "width": 1957,
    "height": 1091,
    "position": [
      0.19256029890486598,
      0.3742809454147086,
      -2.6862553272552616
    ],
    "rotation": [
      [
        0.9795943057977956,
        -0.08480280017344079,
        -0.1822182239274614
      ],
      [
        0.08157677875396639,
        0.9963499226542065,
        -0.02514081930015661
      ],
      [
        0.18368512519162083,
        0.009763027691253506,
        0.9829366500816004
      ]
    ],
    "fx": 1163.2547280302354,
    "fy": 1156.2804049882861
  },
  {
    "id": 531,
    "img_name": "frame0531",
    "width": 1957,
    "height": 1091,
    "position": [
      0.19018188570154007,
      0.3738653289078866,
      -2.6867787588
    ],
    "rotation": [
      [
        0.9797559801478989,
        -0.0850254924512212,
        -0.18124261363668673
      ],
      [
        0.08185300349976517,
        0.9963326583411823,
        -0.02492628614254909
      ],
      [
        0.18269730480359422,
        0.009586425622729865,
        0.9831224721576058
      ]
    ],
    "fx": 1163.2547280302354,
    "fy": 1156.2804049882861
  },
  {
    "id": 532,
    "img_name": "frame0532",
    "width": 1957,
    "height": 1091,
    "position": [
      0.1878034724982141,
      0.3734497124010646,
      -2.6873021903447385
    ],
    "rotation": [
      [
        0.9799166155231844,
        -0.08524835480372799,
        -0.18026687056929042
      ],
      [
        0.08212900763428717,
        0.9963152959794788,
        -0.02471147713777582
      ],
      [
        0.1817092532773023,
        0.00941004785223352,
        0.9833072756126764
      ]
    ],
    "fx": 1163.2547280302354,
    "fy": 1156.2804049882861
  },
  {
    "id": 533,
    "img_name": "frame0533",
    "width": 1957,
    "height": 1091,
    "position": [
      0.18542505929488814,
      0.37303409589424263,
      -2.6878256218894774
    ],
    "rotation": [
      [
        0.980076211747622,
        -0.08547138698674019,
        -0.17929099579452865
      ],
      [
        0.08240479085507664,
        0.9962978355881222,
        -0.024496392521232653
      ],
      [
        0.18072097169548937,
        0.009233894573045916,
        0.9834910602442974
      ]
    ],
    "fx": 1163.2547280302354,
    "fy": 1156.2804049882861
  },
  {
    "id": 534,
    "img_name": "frame0534",
    "width": 1957,
    "height": 1091,
    "position": [
      0.18304664609156215,
      0.37261847938742065,
      -2.688349053434216
    ],
    "rotation": [
      [
        0.9802347686463196,
        -0.08569458875585066,
        -0.1783149903818022
      ],
      [
        0.08268035285991988,
        0.9962802771862463,
        -0.024281032528617456
      ],
      [
        0.179732461141152,
        0.00905796597820247,
        0.9836738258510707
      ]
    ],
    "fx": 1163.2547280302354,
    "fy": 1156.2804049882861
  },
  {
    "id": 535,
    "img_name": "frame0535",
    "width": 1957,
    "height": 1091,
    "position": [
      0.18066823288823625,
      0.3722028628805987,
      -2.6888724849789543
    ],
    "rotation": [
      [
        0.9803922860455246,
        -0.08591795986646639,
        -0.17733885540065475
      ],
      [
        0.0829556933468455,
        0.9962626207930919,
        -0.024065397395929944
      ],
      [
        0.17874372269753752,
        0.008882262260492485,
        0.9838555722327142
      ]
    ],
    "fx": 1163.2547280302354,
    "fy": 1156.2804049882861
  },
  {
    "id": 536,
    "img_name": "frame0536",
    "width": 1957,
    "height": 1091,
    "position": [
      0.17828981968491028,
      0.3717872463737768,
      -2.6893959165236927
    ],
    "rotation": [
      [
        0.980548763772624,
        -0.08614150007380894,
        -0.1763625919207718
      ],
      [
        0.0832308120141251,
        0.9962448664280081,
        -0.023849487359471157
      ],
      [
        0.17775475744814279,
        0.008706783612458654,
        0.9840362991900643
      ]
    ],
    "fx": 1163.2547280302354,
    "fy": 1156.2804049882861
  },
  {
    "id": 537,
    "img_name": "frame0537",
    "width": 1957,
    "height": 1091,
    "position": [
      0.17591140648158432,
      0.3713716298669548,
      -2.689919348068431
    ],
    "rotation": [
      [
        0.9807042016561434,
        -0.08636520913291443,
        -0.17538620101198002
      ],
      [
        0.08350570856027312,
        0.9962270141104507,
        -0.023633302655843565
      ],
      [
        0.17676556647671357,
        0.008531530226397192,
        0.9842160065250731
      ]
    ],
    "fx": 1163.2547280302354,
    "fy": 1156.2804049882861
  },
  {
    "id": 538,
    "img_name": "frame0538",
    "width": 1957,
    "height": 1091,
    "position": [
      0.17353299327825836,
      0.37095601336013284,
      -2.69044277961317
    ],
    "rotation": [
      [
        0.9808585995257476,
        -0.08658908679863402,
        -0.1744096837442457
      ],
      [
        0.08378038268404757,
        0.9962090638599828,
        -0.023416843521950538
      ],
      [
        0.17577615086724285,
        0.008356502294357367,
        0.9843946940408105
      ]
    ],
    "fx": 1163.2547280302354,
    "fy": 1156.2804049882861
  },
  {
    "id": 539,
    "img_name": "frame0539",
    "width": 1957,
    "height": 1091,
    "position": [
      0.17115458007493245,
      0.37054039685331086,
      -2.6909662111579085
    ],
    "rotation": [
      [
        0.981011957212242,
        -0.08681313282563403,
        -0.1734330411876731
      ],
      [
        0.0840548340844501,
        0.9961910156962748,
        -0.02320011019499621
      ],
      [
        0.17478651170396947,
        0.008181700008141458,
        0.9845723615414638
      ]
    ],
    "fx": 1163.2547280302354,
    "fy": 1156.2804049882861
  },
  {
    "id": 540,
    "img_name": "frame0540",
    "width": 1957,
    "height": 1091,
    "position": [
      0.16877616687160646,
      0.3701247803464889,
      -2.691489642702647
    ],
    "rotation": [
      [
        0.9811642745475714,
        -0.08703734696839645,
        -0.17245627441250425
      ],
      [
        0.08432906246072654,
        0.9961728696391049,
        -0.022983102912485124
      ],
      [
        0.1737966500713776,
        0.008007123559304379,
        0.9847490088323386
      ]
    ],
    "fx": 1163.2547280302354,
    "fy": 1156.2804049882861
  },
  {
    "id": 541,
    "img_name": "frame0541",
    "width": 1957,
    "height": 1091,
    "position": [
      0.1663977536682805,
      0.3697091638396669,
      -2.6920130742473853
    ],
    "rotation": [
      [
        0.9813155513648206,
        -0.08726172898121888,
        -0.17147938448911745
      ],
      [
        0.084603067512367,
        0.9961546257083581,
        -0.022765821912222147
      ],
      [
        0.17280656705419542,
        0.007832773139153648,
        0.9849246357198578
      ]
    ],
    "fx": 1163.2547280302354,
    "fy": 1156.2804049882861
  },
  {
    "id": 542,
    "img_name": "frame0542",
    "width": 1957,
    "height": 1091,
    "position": [
      0.1640193404649546,
      0.3692935473328449,
      -2.692536505792124
    ],
    "rotation": [
      [
        0.9814657874982149,
        -0.08748627861821491,
        -0.17050237248802544
      ],
      [
        0.08487684893910628,
        0.9961362839240269,
        -0.02254826743231195
      ],
      [
        0.17181626373739314,
        0.0076586489387490304,
        0.9850992420115631
      ]
    ],
    "fx": 1163.2547280302354,
    "fy": 1156.2804049882861
  },
  {
    "id": 543,
    "img_name": "frame0543",
    "width": 1957,
    "height": 1091,
    "position": [
      0.16164092726162863,
      0.368877930826023,
      -2.6930599373368627
    ],
    "rotation": [
      [
        0.9816149827831194,
        -0.0877109956333146,
        -0.16952523947987516
      ],
      [
        0.0851504064409244,
        0.9961178443062104,
        -0.022330439711159077
      ],
      [
        0.1708257412061828,
        0.0074847511489024915,
        0.9852728275161137
      ]
    ],
    "fx": 1163.2547280302354,
    "fy": 1156.2804049882861
  },
  {
    "id": 544,
    "img_name": "frame0544",
    "width": 1957,
    "height": 1091,
    "position": [
      0.15926251405830266,
      0.368462314319201,
      -2.693583368881601
    ],
    "rotation": [
      [
        0.9817631370560408,
        -0.08793587978026458,
        -0.1685479865354458
      ],
      [
        0.08542373971804672,
        0.9960993068751163,
        -0.02211233898746734
      ],
      [
        0.16983500054601638,
        0.007311079960177766,
        0.9854453920432886
      ]
    ],
    "fx": 1163.2547280302354,
    "fy": 1156.2804049882861
  },
  {
    "id": 545,
    "img_name": "frame0545",
    "width": 1957,
    "height": 1091,
    "position": [
      0.1568841008549767,
      0.3680466978123791,
      -2.6941068004263395
    ],
    "rotation": [
      [
        0.9819102501546257,
        -0.08816093081262823,
        -0.16757061472564835
      ],
      [
        0.08569684847094418,
        0.996080671651058,
        -0.021893965500239768
      ],
      [
        0.16884404284258517,
        0.0071376355628903175,
        0.9856169354039849
      ]
    ],
    "fx": 1163.2547280302354,
    "fy": 1156.2804049882861
  },
  {
    "id": 546,
    "img_name": "frame0546",
    "width": 1957,
    "height": 1091,
    "position": [
      0.1545056876516506,
      0.36763108130555705,
      -2.694630231971078
    ],
    "rotation": [
      [
        0.9820563219176619,
        -0.0883861484837861,
        -0.16659312512152383
      ],
      [
        0.08596973240033394,
        0.9960619386544566,
        -0.02167531948877833
      ],
      [
        0.16785286918181816,
        0.0069644181471071095,
        0.9857874574102187
      ]
    ],
    "fx": 1163.2547280302354,
    "fy": 1156.2804049882861
  },
  {
    "id": 547,
    "img_name": "frame0547",
    "width": 1957,
    "height": 1091,
    "position": [
      0.1521272744483246,
      0.3672154647987351,
      -2.695153663515817
    ],
    "rotation": [
      [
        0.9822013521850791,
        -0.08861153254693616,
        -0.16561551879424238
      ],
      [
        0.08624239120717941,
        0.996043107905841,
        -0.021456401192683605
      ],
      [
        0.16686148064988096,
        0.006791427902646356,
        0.985956957875126
      ]
    ],
    "fx": 1163.2547280302354,
    "fy": 1156.2804049882861
  },
  {
    "id": 548,
    "img_name": "frame0548",
    "width": 1957,
